# [Parameters]
# Name = 'firc'
# ShotNo = 115500
# Date = '11/19/2012 22:20'
# 
# DimNo = 1
# DimName = 'Time'
# DimSize = 1311
# DimUnit = 's'
# 
# ValNo = 2
# ValName = 'nL(3669)', 'nL(3759)'
# ValUnit = 'e19m-2', 'e19m-2'
# [Comments]
#  
# [data]
  1.0000E-001,  1.8223E-004, -3.2442E-003
  1.1000E-001,  1.8223E-004, -3.2442E-003
  1.2000E-001,  1.8223E-004, -3.2442E-003
  1.3000E-001,  1.8223E-004,  5.8673E-003
  1.4000E-001, -8.9293E-003, -3.2442E-003
  1.5000E-001, -8.9293E-003, -3.2442E-003
  1.6000E-001, -8.9293E-003, -3.2442E-003
  1.7000E-001,  1.8223E-004, -3.2442E-003
  1.8000E-001,  1.8223E-004,  5.8673E-003
  1.9000E-001,  9.2937E-003,  5.8673E-003
  2.0000E-001,  1.8223E-004, -3.2442E-003
  2.1000E-001,  1.8223E-004,  5.8673E-003
  2.2000E-001,  9.2937E-003,  5.8673E-003
  2.3000E-001,  1.8223E-004, -3.2442E-003
  2.4000E-001,  1.8223E-004, -3.2442E-003
  2.5000E-001, -8.9293E-003, -3.2442E-003
  2.6000E-001,  1.8223E-004, -3.2442E-003
  2.7000E-001, -8.9293E-003, -3.2442E-003
  2.8000E-001,  1.8223E-004, -3.2442E-003
  2.9000E-001,  1.8223E-004, -3.2442E-003
  3.0000E-001,  1.8223E-004, -3.2442E-003
  3.1000E-001,  1.8223E-004,  5.8673E-003
  3.2000E-001,  1.8223E-004, -3.2442E-003
  3.3000E-001,  1.8223E-004, -3.2442E-003
  3.4000E-001,  9.2937E-003,  5.8673E-003
  3.5000E-001,  1.8223E-004, -3.2442E-003
  3.6000E-001,  1.8223E-004,  5.8673E-003
  3.7000E-001,  1.8223E-004,  5.8673E-003
  3.8000E-001, -8.9293E-003, -3.2442E-003
  3.9000E-001, -8.9293E-003, -3.2442E-003
  4.0000E-001,  1.8223E-004, -3.2442E-003
  4.1000E-001,  1.8223E-004,  5.8673E-003
  4.2000E-001,  1.8223E-004, -3.2442E-003
  4.3000E-001,  1.8223E-004, -3.2442E-003
  4.4000E-001,  1.8223E-004,  5.8673E-003
  4.5000E-001, -8.9293E-003, -3.2442E-003
  4.6000E-001,  1.8223E-004, -3.2442E-003
  4.7000E-001,  9.2937E-003, -3.2442E-003
  4.8000E-001,  1.8223E-004, -3.2442E-003
  4.9000E-001,  1.8223E-004, -3.2442E-003
  5.0000E-001,  1.8223E-004, -3.2442E-003
  5.1000E-001,  1.8223E-004, -3.2442E-003
  5.2000E-001,  1.8223E-004, -3.2442E-003
  5.3000E-001,  1.8223E-004, -3.2442E-003
  5.4000E-001,  1.8223E-004,  5.8673E-003
  5.5000E-001,  1.8223E-004, -3.2442E-003
  5.6000E-001,  1.8223E-004,  5.8673E-003
  5.7000E-001,  1.8223E-004,  5.8673E-003
  5.8000E-001,  1.8223E-004,  5.8673E-003
  5.9000E-001, -8.9293E-003, -3.2442E-003
  6.0000E-001,  1.8223E-004, -3.2442E-003
  6.1000E-001, -8.9293E-003, -3.2442E-003
  6.2000E-001,  1.8223E-004, -3.2442E-003
  6.3000E-001,  1.8223E-004, -3.2442E-003
  6.4000E-001, -8.9293E-003, -3.2442E-003
  6.5000E-001, -8.9293E-003, -3.2442E-003
  6.6000E-001,  1.8223E-004, -3.2442E-003
  6.7000E-001,  1.8223E-004, -3.2442E-003
  6.8000E-001,  9.2937E-003, -3.2442E-003
  6.9000E-001,  9.2937E-003, -3.2442E-003
  7.0000E-001,  1.8223E-004, -3.2442E-003
  7.1000E-001,  1.8223E-004, -3.2442E-003
  7.2000E-001,  1.8223E-004, -3.2442E-003
  7.3000E-001,  1.8223E-004, -3.2442E-003
  7.4000E-001,  1.8223E-004, -3.2442E-003
  7.5000E-001,  1.8223E-004, -3.2442E-003
  7.6000E-001,  1.8223E-004, -3.2442E-003
  7.7000E-001,  9.2937E-003, -3.2442E-003
  7.8000E-001,  1.8223E-004, -3.2442E-003
  7.9000E-001,  1.8223E-004,  5.8673E-003
  8.0000E-001,  1.8223E-004, -3.2442E-003
  8.1000E-001,  1.8223E-004, -3.2442E-003
  8.2000E-001,  1.8223E-004, -3.2442E-003
  8.3000E-001,  1.8223E-004, -3.2442E-003
  8.4000E-001,  1.8223E-004, -3.2442E-003
  8.5000E-001,  1.8223E-004, -1.2356E-002
  8.6000E-001,  1.8223E-004, -1.2356E-002
  8.7000E-001, -8.9293E-003, -1.2356E-002
  8.8000E-001,  1.8223E-004, -3.2442E-003
  8.9000E-001,  1.8223E-004, -3.2442E-003
  9.0000E-001,  1.8223E-004, -3.2442E-003
  9.1000E-001,  1.8223E-004, -3.2442E-003
  9.2000E-001,  1.8223E-004, -3.2442E-003
  9.3000E-001,  1.8223E-004, -3.2442E-003
  9.4000E-001, -8.9293E-003, -3.2442E-003
  9.5000E-001, -8.9293E-003, -1.2356E-002
  9.6000E-001,  1.8223E-004, -3.2442E-003
  9.7000E-001,  1.8223E-004, -3.2442E-003
  9.8000E-001,  1.8223E-004, -3.2442E-003
  9.9000E-001,  1.8223E-004, -3.2442E-003
  1.0000E+000,  1.8223E-004, -3.2442E-003
  1.0100E+000,  1.8223E-004, -3.2442E-003
  1.0200E+000,  1.8223E-004, -3.2442E-003
  1.0300E+000,  1.8223E-004, -3.2442E-003
  1.0400E+000, -8.9293E-003, -3.2442E-003
  1.0500E+000,  1.8223E-004, -3.2442E-003
  1.0600E+000,  1.8223E-004, -1.2356E-002
  1.0700E+000,  1.8223E-004, -3.2442E-003
  1.0800E+000, -8.9293E-003, -3.2442E-003
  1.0900E+000,  1.8223E-004, -3.2442E-003
  1.1000E+000,  1.8223E-004, -3.2442E-003
  1.1100E+000,  1.8223E-004, -3.2442E-003
  1.1200E+000,  1.8223E-004,  5.8673E-003
  1.1300E+000,  1.8223E-004,  5.8673E-003
  1.1400E+000,  1.8223E-004, -3.2442E-003
  1.1500E+000, -8.9293E-003, -3.2442E-003
  1.1600E+000,  1.8223E-004, -3.2442E-003
  1.1700E+000,  1.8223E-004, -3.2442E-003
  1.1800E+000, -8.9293E-003, -1.2356E-002
  1.1900E+000, -8.9293E-003, -3.2442E-003
  1.2000E+000, -8.9293E-003, -3.2442E-003
  1.2100E+000, -8.9293E-003, -3.2442E-003
  1.2200E+000,  1.8223E-004, -3.2442E-003
  1.2300E+000, -8.9293E-003, -3.2442E-003
  1.2400E+000,  1.8223E-004, -3.2442E-003
  1.2500E+000,  1.8223E-004, -3.2442E-003
  1.2600E+000,  1.8223E-004, -3.2442E-003
  1.2700E+000, -8.9293E-003, -1.2356E-002
  1.2800E+000, -8.9293E-003, -3.2442E-003
  1.2900E+000, -8.9293E-003, -3.2442E-003
  1.3000E+000,  1.8223E-004, -3.2442E-003
  1.3100E+000, -8.9293E-003, -3.2442E-003
  1.3200E+000,  1.8223E-004, -3.2442E-003
  1.3300E+000, -8.9293E-003, -3.2442E-003
  1.3400E+000,  1.8223E-004, -3.2442E-003
  1.3500E+000, -8.9293E-003, -3.2442E-003
  1.3600E+000, -8.9293E-003, -3.2442E-003
  1.3700E+000, -8.9293E-003, -3.2442E-003
  1.3800E+000, -8.9293E-003, -3.2442E-003
  1.3900E+000, -8.9293E-003, -3.2442E-003
  1.4000E+000, -8.9293E-003, -3.2442E-003
  1.4100E+000, -8.9293E-003, -1.2356E-002
  1.4200E+000,  1.8223E-004, -3.2442E-003
  1.4300E+000, -8.9293E-003, -3.2442E-003
  1.4400E+000, -8.9293E-003, -3.2442E-003
  1.4500E+000, -8.9293E-003, -3.2442E-003
  1.4600E+000,  1.8223E-004, -1.2356E-002
  1.4700E+000,  1.8223E-004, -3.2442E-003
  1.4800E+000, -8.9293E-003, -3.2442E-003
  1.4900E+000, -8.9293E-003, -3.2442E-003
  1.5000E+000, -8.9293E-003, -3.2442E-003
  1.5100E+000, -8.9293E-003, -3.2442E-003
  1.5200E+000, -8.9293E-003, -3.2442E-003
  1.5300E+000, -8.9293E-003, -3.2442E-003
  1.5400E+000, -8.9293E-003, -3.2442E-003
  1.5500E+000, -8.9293E-003, -3.2442E-003
  1.5600E+000, -8.9293E-003, -1.2356E-002
  1.5700E+000,  1.8223E-004, -3.2442E-003
  1.5800E+000, -8.9293E-003, -3.2442E-003
  1.5900E+000, -8.9293E-003, -3.2442E-003
  1.6000E+000,  1.8223E-004, -3.2442E-003
  1.6100E+000, -8.9293E-003, -3.2442E-003
  1.6200E+000, -8.9293E-003, -1.2356E-002
  1.6300E+000, -8.9293E-003, -1.2356E-002
  1.6400E+000, -8.9293E-003, -1.2356E-002
  1.6500E+000, -8.9293E-003, -1.2356E-002
  1.6600E+000, -8.9293E-003, -3.2442E-003
  1.6700E+000, -8.9293E-003, -3.2442E-003
  1.6800E+000, -8.9293E-003, -1.2356E-002
  1.6900E+000, -8.9293E-003, -3.2442E-003
  1.7000E+000, -8.9293E-003, -3.2442E-003
  1.7100E+000,  1.8223E-004, -3.2442E-003
  1.7200E+000,  1.8223E-004, -3.2442E-003
  1.7300E+000,  1.8223E-004, -3.2442E-003
  1.7400E+000, -8.9293E-003, -1.2356E-002
  1.7500E+000, -8.9293E-003, -1.2356E-002
  1.7600E+000, -8.9293E-003, -3.2442E-003
  1.7700E+000,  1.8223E-004, -3.2442E-003
  1.7800E+000,  1.8223E-004, -3.2442E-003
  1.7900E+000,  1.8223E-004, -3.2442E-003
  1.8000E+000, -8.9293E-003, -1.2356E-002
  1.8100E+000,  1.8223E-004, -3.2442E-003
  1.8200E+000,  1.8223E-004, -3.2442E-003
  1.8300E+000,  1.8223E-004, -3.2442E-003
  1.8400E+000, -8.9293E-003, -1.2356E-002
  1.8500E+000,  1.8223E-004, -1.2356E-002
  1.8600E+000, -8.9293E-003, -1.2356E-002
  1.8700E+000,  1.8223E-004, -1.2356E-002
  1.8800E+000, -8.9293E-003, -1.2356E-002
  1.8900E+000, -8.9293E-003, -3.2442E-003
  1.9000E+000, -8.9293E-003, -3.2442E-003
  1.9100E+000, -8.9293E-003, -3.2442E-003
  1.9200E+000,  1.8223E-004, -3.2442E-003
  1.9300E+000, -8.9293E-003, -1.2356E-002
  1.9400E+000, -8.9293E-003, -3.2442E-003
  1.9500E+000, -8.9293E-003, -3.2442E-003
  1.9600E+000, -8.9293E-003, -1.2356E-002
  1.9700E+000,  1.8223E-004, -1.2356E-002
  1.9800E+000, -8.9293E-003, -1.2356E-002
  1.9900E+000, -8.9293E-003, -1.2356E-002
  2.0000E+000, -8.9293E-003, -1.2356E-002
  2.0100E+000, -8.9293E-003, -3.2442E-003
  2.0200E+000,  1.8223E-004, -1.2356E-002
  2.0300E+000, -8.9293E-003, -1.2356E-002
  2.0400E+000, -8.9293E-003, -3.2442E-003
  2.0500E+000, -8.9293E-003, -1.2356E-002
  2.0600E+000,  1.8223E-004, -1.2356E-002
  2.0700E+000, -8.9293E-003, -1.2356E-002
  2.0800E+000, -8.9293E-003, -1.2356E-002
  2.0900E+000, -8.9293E-003, -1.2356E-002
  2.1000E+000, -8.9293E-003, -1.2356E-002
  2.1100E+000, -8.9293E-003, -3.2442E-003
  2.1200E+000,  1.8223E-004, -3.2442E-003
  2.1300E+000,  1.8223E-004, -3.2442E-003
  2.1400E+000, -8.9293E-003, -3.2442E-003
  2.1500E+000, -8.9293E-003, -1.2356E-002
  2.1600E+000, -8.9293E-003, -1.2356E-002
  2.1700E+000, -8.9293E-003, -1.2356E-002
  2.1800E+000, -8.9293E-003, -3.2442E-003
  2.1900E+000, -8.9293E-003, -1.2356E-002
  2.2000E+000, -8.9293E-003, -1.2356E-002
  2.2100E+000, -8.9293E-003, -1.2356E-002
  2.2200E+000,  1.8223E-004, -3.2442E-003
  2.2300E+000, -8.9293E-003, -1.2356E-002
  2.2400E+000, -8.9293E-003, -3.2442E-003
  2.2500E+000, -8.9293E-003, -3.2442E-003
  2.2600E+000, -8.9293E-003, -3.2442E-003
  2.2700E+000,  1.8223E-004, -3.2442E-003
  2.2800E+000, -8.9293E-003, -3.2442E-003
  2.2900E+000, -8.9293E-003, -3.2442E-003
  2.3000E+000, -8.9293E-003, -3.2442E-003
  2.3100E+000, -8.9293E-003, -1.2356E-002
  2.3200E+000, -8.9293E-003, -3.2442E-003
  2.3300E+000, -8.9293E-003, -1.2356E-002
  2.3400E+000, -8.9293E-003, -3.2442E-003
  2.3500E+000, -8.9293E-003, -1.2356E-002
  2.3600E+000,  1.8223E-004, -3.2442E-003
  2.3700E+000, -8.9293E-003, -3.2442E-003
  2.3800E+000, -8.9293E-003, -1.2356E-002
  2.3900E+000, -8.9293E-003, -1.2356E-002
  2.4000E+000, -8.9293E-003, -3.2442E-003
  2.4100E+000, -8.9293E-003, -3.2442E-003
  2.4200E+000, -8.9293E-003, -3.2442E-003
  2.4300E+000, -8.9293E-003, -1.2356E-002
  2.4400E+000, -1.8042E-002, -3.2442E-003
  2.4500E+000, -8.9293E-003, -3.2442E-003
  2.4600E+000, -8.9293E-003, -3.2442E-003
  2.4700E+000, -8.9293E-003, -3.2442E-003
  2.4800E+000, -8.9293E-003, -3.2442E-003
  2.4900E+000, -8.9293E-003, -1.2356E-002
  2.5000E+000, -8.9293E-003, -1.2356E-002
  2.5100E+000, -8.9293E-003, -3.2442E-003
  2.5200E+000, -8.9293E-003, -3.2442E-003
  2.5300E+000,  1.8223E-004, -3.2442E-003
  2.5400E+000, -8.9293E-003, -1.2356E-002
  2.5500E+000, -8.9293E-003, -1.2356E-002
  2.5600E+000,  1.8223E-004, -1.2356E-002
  2.5700E+000,  1.8223E-004, -1.2356E-002
  2.5800E+000,  1.8223E-004, -1.2356E-002
  2.5900E+000,  1.8223E-004, -3.2442E-003
  2.6000E+000,  1.8223E-004, -1.2356E-002
  2.6100E+000,  1.8223E-004, -3.2442E-003
  2.6200E+000,  1.8223E-004, -1.2356E-002
  2.6300E+000, -8.9293E-003, -3.2442E-003
  2.6400E+000, -8.9293E-003, -3.2442E-003
  2.6500E+000,  1.8223E-004, -3.2442E-003
  2.6600E+000,  1.8223E-004, -3.2442E-003
  2.6700E+000,  1.8223E-004, -3.2442E-003
  2.6800E+000, -8.9293E-003, -1.2356E-002
  2.6900E+000, -8.9293E-003, -1.2356E-002
  2.7000E+000, -8.9293E-003, -1.2356E-002
  2.7100E+000,  1.8223E-004, -3.2442E-003
  2.7200E+000,  1.8223E-004, -1.2356E-002
  2.7300E+000,  1.8223E-004, -3.2442E-003
  2.7400E+000, -8.9293E-003, -1.2356E-002
  2.7500E+000, -8.9293E-003, -1.2356E-002
  2.7600E+000,  1.8223E-004, -3.2442E-003
  2.7700E+000, -8.9293E-003, -1.2356E-002
  2.7800E+000, -8.9293E-003, -3.2442E-003
  2.7900E+000, -8.9293E-003, -3.2442E-003
  2.8000E+000,  1.8223E-004, -1.2356E-002
  2.8100E+000,  1.8223E-004, -3.2442E-003
  2.8200E+000,  1.8223E-004,  5.8673E-003
  2.8300E+000, -8.9293E-003, -3.2442E-003
  2.8400E+000, -8.9293E-003, -3.2442E-003
  2.8500E+000, -8.9293E-003, -3.2442E-003
  2.8600E+000, -8.9293E-003, -1.2356E-002
  2.8700E+000,  1.8223E-004, -3.2442E-003
  2.8800E+000,  1.8223E-004, -3.2442E-003
  2.8900E+000, -8.9293E-003, -1.2356E-002
  2.9000E+000, -8.9293E-003, -1.2356E-002
  2.9100E+000, -8.9293E-003, -3.2442E-003
  2.9200E+000,  1.8223E-004, -3.2442E-003
  2.9300E+000,  1.8223E-004, -1.2356E-002
  2.9400E+000,  1.8223E-004, -3.2442E-003
  2.9500E+000,  1.8223E-004, -3.2442E-003
  2.9600E+000,  1.8223E-004, -3.2442E-003
  2.9700E+000,  1.8223E-004, -3.2442E-003
  2.9800E+000, -8.9293E-003, -3.2442E-003
  2.9900E+000, -8.9293E-003, -3.2442E-003
  3.0000E+000, -8.9293E-003, -3.2442E-003
  3.0100E+000, -8.9293E-003, -3.2442E-003
  3.0200E+000, -8.9293E-003, -3.2442E-003
  3.0300E+000,  1.8223E-004, -3.2442E-003
  3.0400E+000,  1.8223E-004, -3.2442E-003
  3.0500E+000,  1.8223E-004, -3.2442E-003
  3.0600E+000,  1.8223E-004, -3.2442E-003
  3.0700E+000,  1.8223E-004, -3.2442E-003
  3.0800E+000, -8.9293E-003, -3.2442E-003
  3.0900E+000, -8.9293E-003, -3.2442E-003
  3.1000E+000,  1.8223E-004, -3.2442E-003
  3.1100E+000, -8.9293E-003, -3.2442E-003
  3.1200E+000,  1.8223E-004,  5.8673E-003
  3.1300E+000,  1.8223E-004, -3.2442E-003
  3.1400E+000,  1.8223E-004, -3.2442E-003
  3.1500E+000, -8.9293E-003, -3.2442E-003
  3.1600E+000,  1.8223E-004,  5.8673E-003
  3.1700E+000,  1.8223E-004, -3.2442E-003
  3.1800E+000,  1.8223E-004, -3.2442E-003
  3.1900E+000, -8.9293E-003, -3.2442E-003
  3.2000E+000, -8.9293E-003, -3.2442E-003
  3.2100E+000,  1.8223E-004, -3.2442E-003
  3.2200E+000, -8.9293E-003, -3.2442E-003
  3.2300E+000, -8.9293E-003, -3.2442E-003
  3.2400E+000, -8.9293E-003, -3.2442E-003
  3.2500E+000, -8.9293E-003, -3.2442E-003
  3.2600E+000,  1.8223E-004,  5.8673E-003
  3.2700E+000,  1.8223E-004, -3.2442E-003
  3.2800E+000,  1.8223E-004, -3.2442E-003
  3.2900E+000,  1.8223E-004, -3.2442E-003
  3.3000E+000,  1.8223E-004, -3.2442E-003
  3.3100E+000,  9.2937E-003,  1.4980E-002
  3.3200E+000,  1.8406E-002,  1.4980E-002
  3.3300E+000,  2.7518E-002,  1.4980E-002
  3.3400E+000,  2.7518E-002,  2.4091E-002
  3.3500E+000,  4.5741E-002,  3.3204E-002
  3.3600E+000,  4.5741E-002,  4.2315E-002
  3.3700E+000,  8.2188E-002,  6.0539E-002
  3.3800E+000,  4.5577E-001,  4.3412E-001
  3.3900E+000,  8.8403E-001,  8.8972E-001
  3.4000E+000,  1.1392E+000,  1.1357E+000
  3.4100E+000,  1.3123E+000,  1.3180E+000
  3.4200E+000,  1.4490E+000,  1.4364E+000
  3.4300E+000,  1.6585E+000,  1.6369E+000
  3.4400E+000,  1.8863E+000,  1.8556E+000
  3.4500E+000,  2.1232E+000,  2.0925E+000
  3.4600E+000,  2.3419E+000,  2.3203E+000
  3.4700E+000,  2.5424E+000,  2.5298E+000
  3.4800E+000,  2.7064E+000,  2.6939E+000
  3.4900E+000,  2.8522E+000,  2.8396E+000
  3.5000E+000,  2.9615E+000,  2.9581E+000
  3.5100E+000,  3.0435E+000,  3.0583E+000
  3.5200E+000,  3.1346E+000,  3.1130E+000
  3.5300E+000,  3.1893E+000,  3.1950E+000
  3.5400E+000,  3.2713E+000,  3.2679E+000
  3.5500E+000,  3.3351E+000,  3.3499E+000
  3.5600E+000,  3.4080E+000,  3.4046E+000
  3.5700E+000,  3.4445E+000,  3.4592E+000
  3.5800E+000,  3.4718E+000,  3.4957E+000
  3.5900E+000,  3.5265E+000,  3.5139E+000
  3.6000E+000,  3.5356E+000,  3.5413E+000
  3.6100E+000,  3.5629E+000,  3.5686E+000
  3.6200E+000,  3.5902E+000,  3.5777E+000
  3.6300E+000,  3.5902E+000,  3.5959E+000
  3.6400E+000,  3.5994E+000,  3.6050E+000
  3.6500E+000,  3.6085E+000,  3.6050E+000
  3.6600E+000,  3.6176E+000,  3.6506E+000
  3.6700E+000,  3.6358E+000,  3.6506E+000
  3.6800E+000,  3.6631E+000,  3.6779E+000
  3.6900E+000,  3.6814E+000,  3.6962E+000
  3.7000E+000,  3.6996E+000,  3.7053E+000
  3.7100E+000,  3.6996E+000,  3.7144E+000
  3.7200E+000,  3.7087E+000,  3.7235E+000
  3.7300E+000,  3.7269E+000,  3.7417E+000
  3.7400E+000,  3.7269E+000,  3.7326E+000
  3.7500E+000,  3.7178E+000,  3.7235E+000
  3.7600E+000,  3.7451E+000,  3.7508E+000
  3.7700E+000,  3.7543E+000,  3.7691E+000
  3.7800E+000,  3.7907E+000,  3.7599E+000
  3.7900E+000,  3.7816E+000,  3.8055E+000
  3.8000E+000,  3.7998E+000,  3.7964E+000
  3.8100E+000,  3.7998E+000,  3.7964E+000
  3.8200E+000,  3.7998E+000,  3.8146E+000
  3.8300E+000,  3.8271E+000,  3.8237E+000
  3.8400E+000,  3.8271E+000,  3.8237E+000
  3.8500E+000,  3.8271E+000,  3.8237E+000
  3.8600E+000,  3.8363E+000,  3.8328E+000
  3.8700E+000,  3.8454E+000,  3.8602E+000
  3.8800E+000,  3.8545E+000,  3.8693E+000
  3.8900E+000,  3.8727E+000,  3.8693E+000
  3.9000E+000,  3.8727E+000,  3.8784E+000
  3.9100E+000,  3.8818E+000,  3.9148E+000
  3.9200E+000,  3.8818E+000,  3.9148E+000
  3.9300E+000,  3.8727E+000,  3.9148E+000
  3.9400E+000,  3.9000E+000,  3.9240E+000
  3.9500E+000,  3.9092E+000,  3.9331E+000
  3.9600E+000,  3.9274E+000,  3.9695E+000
  3.9700E+000,  3.9456E+000,  3.9604E+000
  3.9800E+000,  3.9821E+000,  3.9695E+000
  3.9900E+000,  3.9547E+000,  3.9968E+000
  4.0000E+000,  3.9729E+000,  4.0060E+000
  4.0100E+000,  3.9638E+000,  4.0060E+000
  4.0200E+000,  3.9912E+000,  4.0151E+000
  4.0300E+000,  3.9912E+000,  4.0333E+000
  4.0400E+000,  3.9912E+000,  4.0151E+000
  4.0500E+000,  4.0094E+000,  4.0333E+000
  4.0600E+000,  4.0367E+000,  4.0515E+000
  4.0700E+000,  4.0276E+000,  4.0789E+000
  4.0800E+000,  4.0367E+000,  4.0697E+000
  4.0900E+000,  4.0276E+000,  4.0515E+000
  4.1000E+000,  4.0549E+000,  4.0971E+000
  4.1100E+000,  4.0732E+000,  4.1062E+000
  4.1200E+000,  4.0823E+000,  4.1335E+000
  4.1300E+000,  4.0914E+000,  4.1062E+000
  4.1400E+000,  4.0823E+000,  4.1153E+000
  4.1500E+000,  4.1005E+000,  4.1244E+000
  4.1600E+000,  4.1278E+000,  4.1517E+000
  4.1700E+000,  4.1370E+000,  4.1244E+000
  4.1800E+000,  4.1278E+000,  4.1517E+000
  4.1900E+000,  4.1278E+000,  4.1335E+000
  4.2000E+000,  4.1278E+000,  4.1609E+000
  4.2100E+000,  4.1278E+000,  4.1517E+000
  4.2200E+000,  4.1461E+000,  4.1882E+000
  4.2300E+000,  4.1278E+000,  4.1609E+000
  4.2400E+000,  4.1370E+000,  4.1791E+000
  4.2500E+000,  4.1370E+000,  4.1609E+000
  4.2600E+000,  4.1552E+000,  4.1700E+000
  4.2700E+000,  4.1643E+000,  4.1791E+000
  4.2800E+000,  4.1461E+000,  4.1882E+000
  4.2900E+000,  4.1643E+000,  4.1791E+000
  4.3000E+000,  4.1370E+000,  4.1791E+000
  4.3100E+000,  4.1916E+000,  4.2155E+000
  4.3200E+000,  4.1825E+000,  4.2064E+000
  4.3300E+000,  4.1734E+000,  4.2246E+000
  4.3400E+000,  4.1825E+000,  4.2155E+000
  4.3500E+000,  4.2007E+000,  4.2429E+000
  4.3600E+000,  4.1734E+000,  4.2429E+000
  4.3700E+000,  4.1643E+000,  4.2155E+000
  4.3800E+000,  4.2190E+000,  4.2520E+000
  4.3900E+000,  4.2098E+000,  4.2520E+000
  4.4000E+000,  4.2281E+000,  4.2520E+000
  4.4100E+000,  4.2007E+000,  4.2520E+000
  4.4200E+000,  4.2463E+000,  4.2702E+000
  4.4300E+000,  4.2281E+000,  4.2611E+000
  4.4400E+000,  4.2190E+000,  4.2520E+000
  4.4500E+000,  4.2190E+000,  4.2520E+000
  4.4600E+000,  4.2463E+000,  4.2975E+000
  4.4700E+000,  4.2463E+000,  4.2793E+000
  4.4800E+000,  4.2372E+000,  4.2975E+000
  4.4900E+000,  4.2463E+000,  4.2975E+000
  4.5000E+000,  4.2554E+000,  4.2793E+000
  4.5100E+000,  4.2645E+000,  4.3066E+000
  4.5200E+000,  4.2827E+000,  4.3158E+000
  4.5300E+000,  4.2554E+000,  4.2884E+000
  4.5400E+000,  4.2645E+000,  4.3158E+000
  4.5500E+000,  4.2554E+000,  4.2975E+000
  4.5600E+000,  4.2645E+000,  4.2975E+000
  4.5700E+000,  4.2827E+000,  4.3066E+000
  4.5800E+000,  4.2554E+000,  4.2702E+000
  4.5900E+000,  4.2827E+000,  4.3158E+000
  4.6000E+000,  4.2919E+000,  4.3340E+000
  4.6100E+000,  4.2645E+000,  4.3158E+000
  4.6200E+000,  4.2736E+000,  4.2884E+000
  4.6300E+000,  4.2919E+000,  4.3158E+000
  4.6400E+000,  4.2736E+000,  4.3066E+000
  4.6500E+000,  4.2554E+000,  4.3158E+000
  4.6600E+000,  4.2919E+000,  4.3249E+000
  4.6700E+000,  4.2919E+000,  4.3158E+000
  4.6800E+000,  4.2736E+000,  4.2975E+000
  4.6900E+000,  4.2645E+000,  4.3249E+000
  4.7000E+000,  4.2736E+000,  4.3066E+000
  4.7100E+000,  4.2736E+000,  4.3066E+000
  4.7200E+000,  4.2736E+000,  4.3249E+000
  4.7300E+000,  4.2919E+000,  4.3522E+000
  4.7400E+000,  4.2645E+000,  4.3066E+000
  4.7500E+000,  4.2827E+000,  4.3340E+000
  4.7600E+000,  4.2827E+000,  4.3158E+000
  4.7700E+000,  4.2827E+000,  4.3249E+000
  4.7800E+000,  4.2827E+000,  4.3158E+000
  4.7900E+000,  4.2554E+000,  4.3431E+000
  4.8000E+000,  4.2736E+000,  4.2975E+000
  4.8100E+000,  4.2736E+000,  4.3522E+000
  4.8200E+000,  4.2827E+000,  4.3340E+000
  4.8300E+000,  4.2919E+000,  4.3066E+000
  4.8400E+000,  4.2736E+000,  4.3431E+000
  4.8500E+000,  4.3010E+000,  4.3249E+000
  4.8600E+000,  4.2919E+000,  4.3431E+000
  4.8700E+000,  4.2827E+000,  4.3431E+000
  4.8800E+000,  4.3010E+000,  4.3431E+000
  4.8900E+000,  4.2827E+000,  4.3431E+000
  4.9000E+000,  4.2919E+000,  4.3340E+000
  4.9100E+000,  4.2919E+000,  4.3158E+000
  4.9200E+000,  4.2463E+000,  4.2611E+000
  4.9300E+000,  4.1461E+000,  4.1426E+000
  4.9400E+000,  4.0094E+000,  3.9968E+000
  4.9500E+000,  3.9456E+000,  3.9331E+000
  4.9600E+000,  3.8636E+000,  3.8966E+000
  4.9700E+000,  3.8363E+000,  3.8511E+000
  4.9800E+000,  3.7816E+000,  3.7873E+000
  4.9900E+000,  3.7543E+000,  3.7326E+000
  5.0000E+000,  3.6996E+000,  3.6779E+000
  5.0100E+000,  3.6449E+000,  3.6142E+000
  5.0200E+000,  3.5902E+000,  3.5868E+000
  5.0300E+000,  3.6631E+000,  3.6597E+000
  5.0400E+000,  3.7178E+000,  3.7235E+000
  5.0500E+000,  3.7634E+000,  3.8055E+000
  5.0600E+000,  3.8818E+000,  3.9240E+000
  5.0700E+000,  3.9274E+000,  3.9968E+000
  5.0800E+000,  4.0003E+000,  4.0606E+000
  5.0900E+000,  4.0641E+000,  4.0880E+000
  5.1000E+000,  4.0641E+000,  4.1609E+000
  5.1100E+000,  4.1187E+000,  4.1609E+000
  5.1200E+000,  4.1461E+000,  4.1791E+000
  5.1300E+000,  4.1916E+000,  4.2155E+000
  5.1400E+000,  4.1825E+000,  4.2246E+000
  5.1500E+000,  4.2281E+000,  4.3066E+000
  5.1600E+000,  4.2372E+000,  4.2884E+000
  5.1700E+000,  4.2645E+000,  4.3066E+000
  5.1800E+000,  4.2919E+000,  4.3158E+000
  5.1900E+000,  4.2919E+000,  4.3704E+000
  5.2000E+000,  4.3374E+000,  4.3795E+000
  5.2100E+000,  4.4012E+000,  4.4707E+000
  5.2200E+000,  4.4376E+000,  4.5071E+000
  5.2300E+000,  4.4832E+000,  4.5344E+000
  5.2400E+000,  4.5014E+000,  4.5709E+000
  5.2500E+000,  4.5470E+000,  4.5891E+000
  5.2600E+000,  4.5743E+000,  4.6438E+000
  5.2700E+000,  4.6745E+000,  4.6985E+000
  5.2800E+000,  4.6472E+000,  4.7167E+000
  5.2900E+000,  4.6472E+000,  4.7076E+000
  5.3000E+000,  4.7383E+000,  4.7714E+000
  5.3100E+000,  4.7292E+000,  4.7805E+000
  5.3200E+000,  4.7930E+000,  4.8807E+000
  5.3300E+000,  4.8477E+000,  4.8260E+000
  5.3400E+000,  4.8295E+000,  4.9263E+000
  5.3500E+000,  4.8659E+000,  4.9263E+000
  5.3600E+000,  4.8659E+000,  4.8989E+000
  5.3700E+000,  4.8659E+000,  4.9536E+000
  5.3800E+000,  4.8841E+000,  4.9900E+000
  5.3900E+000,  4.8841E+000,  4.9263E+000
  5.4000E+000,  4.9206E+000,  4.9536E+000
  5.4100E+000,  4.9661E+000,  5.0174E+000
  5.4200E+000,  4.9115E+000,  4.9809E+000
  5.4300E+000,  4.9297E+000,  5.0174E+000
  5.4400E+000,  4.9844E+000,  5.0265E+000
  5.4500E+000,  4.9844E+000,  4.9900E+000
  5.4600E+000,  4.9115E+000,  4.9627E+000
  5.4700E+000,  5.0026E+000,  5.0720E+000
  5.4800E+000,  5.0481E+000,  5.0812E+000
  5.4900E+000,  4.9752E+000,  5.0447E+000
  5.5000E+000,  4.9752E+000,  5.0083E+000
  5.5100E+000,  5.0117E+000,  5.0538E+000
  5.5200E+000,  4.9844E+000,  5.0538E+000
  5.5300E+000,  4.9844E+000,  5.0356E+000
  5.5400E+000,  4.9935E+000,  5.0083E+000
  5.5500E+000,  4.9844E+000,  4.9991E+000
  5.5600E+000,  5.0026E+000,  5.0903E+000
  5.5700E+000,  5.0572E+000,  5.1267E+000
  5.5800E+000,  4.9935E+000,  5.0447E+000
  5.5900E+000,  5.1119E+000,  5.1632E+000
  5.6000E+000,  5.2577E+000,  5.2725E+000
  5.6100E+000,  5.3215E+000,  5.4092E+000
  5.6200E+000,  5.1210E+000,  5.1996E+000
  5.6300E+000,  5.1666E+000,  5.2543E+000
  5.6400E+000,  5.1119E+000,  5.1723E+000
  5.6500E+000,  5.1575E+000,  5.2269E+000
  5.6600E+000,  5.1393E+000,  5.2087E+000
  5.6700E+000,  5.1484E+000,  5.1996E+000
  5.6800E+000,  5.1666E+000,  5.2361E+000
  5.6900E+000,  5.2030E+000,  5.2087E+000
  5.7000E+000,  5.1484E+000,  5.2178E+000
  5.7100E+000,  5.1119E+000,  5.1996E+000
  5.7200E+000,  5.0937E+000,  5.2178E+000
  5.7300E+000,  5.1484E+000,  5.1905E+000
  5.7400E+000,  5.1210E+000,  5.1632E+000
  5.7500E+000,  5.2030E+000,  5.2178E+000
  5.7600E+000,  5.1301E+000,  5.1632E+000
  5.7700E+000,  5.1393E+000,  5.1814E+000
  5.7800E+000,  5.1301E+000,  5.2269E+000
  5.7900E+000,  5.1393E+000,  5.2087E+000
  5.8000E+000,  5.1028E+000,  5.1540E+000
  5.8100E+000,  5.0846E+000,  5.1176E+000
  5.8200E+000,  5.0846E+000,  5.1540E+000
  5.8300E+000,  5.1119E+000,  5.1540E+000
  5.8400E+000,  5.0937E+000,  5.1996E+000
  5.8500E+000,  5.1028E+000,  5.1905E+000
  5.8600E+000,  5.1484E+000,  5.1996E+000
  5.8700E+000,  5.1939E+000,  5.1996E+000
  5.8800E+000,  5.2030E+000,  5.1996E+000
  5.8900E+000,  5.1575E+000,  5.2452E+000
  5.9000E+000,  5.1393E+000,  5.1723E+000
  5.9100E+000,  5.2577E+000,  5.2178E+000
  5.9200E+000,  5.2395E+000,  5.2634E+000
  5.9300E+000,  5.2850E+000,  5.3090E+000
  5.9400E+000,  5.3944E+000,  5.3910E+000
  5.9500E+000,  5.4217E+000,  5.4001E+000
  5.9600E+000,  5.4491E+000,  5.4092E+000
  5.9700E+000,  5.5402E+000,  5.5094E+000
  5.9800E+000,  5.5675E+000,  5.5641E+000
  5.9900E+000,  5.7042E+000,  5.6279E+000
  6.0000E+000,  5.7862E+000,  5.7190E+000
  6.0100E+000,  5.6677E+000,  5.6005E+000
  6.0200E+000,  5.7133E+000,  5.7008E+000
  6.0300E+000,  5.7680E+000,  5.7190E+000
  6.0400E+000,  5.7862E+000,  5.7645E+000
  6.0500E+000,  5.7953E+000,  5.7281E+000
  6.0600E+000,  5.7771E+000,  5.7463E+000
  6.0700E+000,  5.7406E+000,  5.7281E+000
  6.0800E+000,  5.7589E+000,  5.7372E+000
  6.0900E+000,  5.7680E+000,  5.7281E+000
  6.1000E+000,  5.7497E+000,  5.7281E+000
  6.1100E+000,  5.7497E+000,  5.7190E+000
  6.1200E+000,  5.6860E+000,  5.7099E+000
  6.1300E+000,  5.7589E+000,  5.7463E+000
  6.1400E+000,  5.7042E+000,  5.7008E+000
  6.1500E+000,  5.7315E+000,  5.6643E+000
  6.1600E+000,  5.7133E+000,  5.7008E+000
  6.1700E+000,  5.6404E+000,  5.6734E+000
  6.1800E+000,  5.6586E+000,  5.6643E+000
  6.1900E+000,  5.6404E+000,  5.6188E+000
  6.2000E+000,  5.6677E+000,  5.6096E+000
  6.2100E+000,  5.5493E+000,  5.5732E+000
  6.2200E+000,  5.4673E+000,  5.5094E+000
  6.2300E+000,  5.3762E+000,  5.4547E+000
  6.2400E+000,  5.3488E+000,  5.4001E+000
  6.2500E+000,  5.3124E+000,  5.3545E+000
  6.2600E+000,  5.2850E+000,  5.3545E+000
  6.2700E+000,  5.2759E+000,  5.3363E+000
  6.2800E+000,  5.2850E+000,  5.3181E+000
  6.2900E+000,  5.2942E+000,  5.3363E+000
  6.3000E+000,  5.3124E+000,  5.3454E+000
  6.3100E+000,  5.3306E+000,  5.3636E+000
  6.3200E+000,  5.3306E+000,  5.3363E+000
  6.3300E+000,  5.3670E+000,  5.3545E+000
  6.3400E+000,  5.3944E+000,  5.3727E+000
  6.3500E+000,  5.3944E+000,  5.3727E+000
  6.3600E+000,  5.4399E+000,  5.4092E+000
  6.3700E+000,  5.4491E+000,  5.4183E+000
  6.3800E+000,  5.4764E+000,  5.4274E+000
  6.3900E+000,  5.4764E+000,  5.4547E+000
  6.4000E+000,  5.5037E+000,  5.4274E+000
  6.4100E+000,  5.5037E+000,  5.4456E+000
  6.4200E+000,  5.5219E+000,  5.4639E+000
  6.4300E+000,  5.5402E+000,  5.4730E+000
  6.4400E+000,  5.5493E+000,  5.5094E+000
  6.4500E+000,  5.5675E+000,  5.5367E+000
  6.4600E+000,  5.5948E+000,  5.5276E+000
  6.4700E+000,  5.5766E+000,  5.5003E+000
  6.4800E+000,  5.5857E+000,  5.5276E+000
  6.4900E+000,  5.6131E+000,  5.5367E+000
  6.5000E+000,  5.6131E+000,  5.5550E+000
  6.5100E+000,  5.6495E+000,  5.5550E+000
  6.5200E+000,  5.6495E+000,  5.5550E+000
  6.5300E+000,  5.6495E+000,  5.5914E+000
  6.5400E+000,  5.6404E+000,  5.5823E+000
  6.5500E+000,  5.6677E+000,  5.5732E+000
  6.5600E+000,  5.6495E+000,  5.5732E+000
  6.5700E+000,  5.6860E+000,  5.6188E+000
  6.5800E+000,  5.6677E+000,  5.5823E+000
  6.5900E+000,  5.6586E+000,  5.6005E+000
  6.6000E+000,  5.6677E+000,  5.6188E+000
  6.6100E+000,  5.6677E+000,  5.6005E+000
  6.6200E+000,  5.6951E+000,  5.6096E+000
  6.6300E+000,  5.6677E+000,  5.6370E+000
  6.6400E+000,  5.7224E+000,  5.6279E+000
  6.6500E+000,  5.7224E+000,  5.6279E+000
  6.6600E+000,  5.7133E+000,  5.6370E+000
  6.6700E+000,  5.7133E+000,  5.6370E+000
  6.6800E+000,  5.7042E+000,  5.6279E+000
  6.6900E+000,  5.7133E+000,  5.6096E+000
  6.7000E+000,  5.7315E+000,  5.6370E+000
  6.7100E+000,  5.7224E+000,  5.6552E+000
  6.7200E+000,  5.7315E+000,  5.6734E+000
  6.7300E+000,  5.7406E+000,  5.6552E+000
  6.7400E+000,  5.7315E+000,  5.6643E+000
  6.7500E+000,  5.7315E+000,  5.6734E+000
  6.7600E+000,  5.7406E+000,  5.6643E+000
  6.7700E+000,  5.7589E+000,  5.6734E+000
  6.7800E+000,  5.7862E+000,  5.6916E+000
  6.7900E+000,  5.7680E+000,  5.6825E+000
  6.8000E+000,  5.7497E+000,  5.6734E+000
  6.8100E+000,  5.7497E+000,  5.7008E+000
  6.8200E+000,  5.7589E+000,  5.7008E+000
  6.8300E+000,  5.7680E+000,  5.6825E+000
  6.8400E+000,  5.7862E+000,  5.7099E+000
  6.8500E+000,  5.7771E+000,  5.7008E+000
  6.8600E+000,  5.8044E+000,  5.6916E+000
  6.8700E+000,  5.7771E+000,  5.6916E+000
  6.8800E+000,  5.7953E+000,  5.7190E+000
  6.8900E+000,  5.8226E+000,  5.7281E+000
  6.9000E+000,  5.7862E+000,  5.7099E+000
  6.9100E+000,  5.8044E+000,  5.7008E+000
  6.9200E+000,  5.7862E+000,  5.7190E+000
  6.9300E+000,  5.7953E+000,  5.7190E+000
  6.9400E+000,  5.8135E+000,  5.7190E+000
  6.9500E+000,  5.8318E+000,  5.7372E+000
  6.9600E+000,  5.7953E+000,  5.7372E+000
  6.9700E+000,  5.8135E+000,  5.7372E+000
  6.9800E+000,  5.7953E+000,  5.7190E+000
  6.9900E+000,  5.8044E+000,  5.7281E+000
  7.0000E+000,  5.8135E+000,  5.7463E+000
  7.0100E+000,  5.8226E+000,  5.7372E+000
  7.0200E+000,  5.8318E+000,  5.7554E+000
  7.0300E+000,  5.8318E+000,  5.7645E+000
  7.0400E+000,  5.8135E+000,  5.7554E+000
  7.0500E+000,  5.8318E+000,  5.7645E+000
  7.0600E+000,  5.8226E+000,  5.7645E+000
  7.0700E+000,  5.8318E+000,  5.7645E+000
  7.0800E+000,  5.8500E+000,  5.7645E+000
  7.0900E+000,  5.8318E+000,  5.7737E+000
  7.1000E+000,  5.8409E+000,  5.7737E+000
  7.1100E+000,  5.8500E+000,  5.7645E+000
  7.1200E+000,  5.8773E+000,  5.7737E+000
  7.1300E+000,  5.8591E+000,  5.7919E+000
  7.1400E+000,  5.8591E+000,  5.7919E+000
  7.1500E+000,  5.8591E+000,  5.7737E+000
  7.1600E+000,  5.8500E+000,  5.7554E+000
  7.1700E+000,  5.8500E+000,  5.7919E+000
  7.1800E+000,  5.8682E+000,  5.7919E+000
  7.1900E+000,  5.8682E+000,  5.7919E+000
  7.2000E+000,  5.8682E+000,  5.7919E+000
  7.2100E+000,  5.8773E+000,  5.7828E+000
  7.2200E+000,  5.8682E+000,  5.7919E+000
  7.2300E+000,  5.8682E+000,  5.8192E+000
  7.2400E+000,  5.8864E+000,  5.8192E+000
  7.2500E+000,  5.8864E+000,  5.8101E+000
  7.2600E+000,  5.8864E+000,  5.8192E+000
  7.2700E+000,  5.8773E+000,  5.8010E+000
  7.2800E+000,  5.8955E+000,  5.8192E+000
  7.2900E+000,  5.8864E+000,  5.8192E+000
  7.3000E+000,  5.8955E+000,  5.8283E+000
  7.3100E+000,  5.9138E+000,  5.8192E+000
  7.3200E+000,  5.8955E+000,  5.8010E+000
  7.3300E+000,  5.8682E+000,  5.8010E+000
  7.3400E+000,  5.8500E+000,  5.8010E+000
  7.3500E+000,  5.8135E+000,  5.7372E+000
  7.3600E+000,  5.7680E+000,  5.7099E+000
  7.3700E+000,  5.7315E+000,  5.6916E+000
  7.3800E+000,  5.6131E+000,  5.6188E+000
  7.3900E+000,  5.6040E+000,  5.4912E+000
  7.4000E+000,  5.5219E+000,  5.4730E+000
  7.4100E+000,  5.5128E+000,  5.4639E+000
  7.4200E+000,  5.0026E+000,  4.8442E+000
  7.4300E+000,  3.1164E+000,  2.9763E+000
  7.4400E+000,  1.3032E+000,  1.2724E+000
  7.4500E+000,  5.6512E-001,  5.5258E-001
  7.4600E+000,  2.1887E-001,  2.0633E-001
  7.4700E+000,  7.3077E-002,  6.0539E-002
  7.4800E+000,  2.7518E-002,  1.4980E-002
  7.4900E+000,  9.2937E-003, -3.2442E-003
  7.5000E+000, -8.9293E-003, -1.2356E-002
  7.5100E+000,  1.8223E-004, -1.2356E-002
  7.5200E+000,  1.8223E-004, -3.2442E-003
  7.5300E+000,  1.8223E-004, -1.2356E-002
  7.5400E+000,  1.8223E-004, -3.2442E-003
  7.5500E+000, -8.9293E-003, -1.2356E-002
  7.5600E+000, -8.9293E-003, -1.2356E-002
  7.5700E+000, -8.9293E-003, -1.2356E-002
  7.5800E+000, -8.9293E-003, -1.2356E-002
  7.5900E+000,  1.8223E-004, -1.2356E-002
  7.6000E+000,  1.8223E-004, -3.2442E-003
  7.6100E+000, -8.9293E-003, -1.2356E-002
  7.6200E+000, -8.9293E-003, -2.1468E-002
  7.6300E+000, -1.8042E-002, -1.2356E-002
  7.6400E+000,  1.8223E-004, -1.2356E-002
  7.6500E+000, -8.9293E-003, -1.2356E-002
  7.6600E+000, -8.9293E-003, -1.2356E-002
  7.6700E+000, -8.9293E-003, -1.2356E-002
  7.6800E+000, -8.9293E-003, -1.2356E-002
  7.6900E+000, -8.9293E-003, -3.2442E-003
  7.7000E+000, -8.9293E-003, -1.2356E-002
  7.7100E+000, -1.8042E-002, -1.2356E-002
  7.7200E+000, -8.9293E-003, -1.2356E-002
  7.7300E+000, -8.9293E-003, -1.2356E-002
  7.7400E+000, -8.9293E-003, -1.2356E-002
  7.7500E+000, -1.8042E-002, -1.2356E-002
  7.7600E+000, -1.8042E-002, -1.2356E-002
  7.7700E+000, -8.9293E-003, -1.2356E-002
  7.7800E+000, -1.8042E-002, -3.2442E-003
  7.7900E+000,  1.8223E-004, -1.2356E-002
  7.8000E+000,  1.8223E-004, -3.2442E-003
  7.8100E+000, -8.9293E-003, -1.2356E-002
  7.8200E+000, -8.9293E-003, -1.2356E-002
  7.8300E+000, -8.9293E-003, -1.2356E-002
  7.8400E+000, -8.9293E-003, -1.2356E-002
  7.8500E+000, -8.9293E-003, -1.2356E-002
  7.8600E+000, -8.9293E-003, -3.2442E-003
  7.8700E+000, -8.9293E-003, -1.2356E-002
  7.8800E+000, -8.9293E-003, -1.2356E-002
  7.8900E+000, -8.9293E-003, -1.2356E-002
  7.9000E+000, -8.9293E-003, -1.2356E-002
  7.9100E+000, -8.9293E-003, -1.2356E-002
  7.9200E+000, -1.8042E-002, -1.2356E-002
  7.9300E+000, -8.9293E-003, -1.2356E-002
  7.9400E+000,  1.8223E-004, -1.2356E-002
  7.9500E+000, -8.9293E-003, -1.2356E-002
  7.9600E+000, -8.9293E-003, -1.2356E-002
  7.9700E+000, -1.8042E-002, -1.2356E-002
  7.9800E+000, -1.8042E-002, -1.2356E-002
  7.9900E+000, -8.9293E-003, -1.2356E-002
  8.0000E+000, -8.9293E-003, -1.2356E-002
  8.0100E+000,  1.8223E-004, -1.2356E-002
  8.0200E+000, -8.9293E-003, -1.2356E-002
  8.0300E+000, -8.9293E-003, -1.2356E-002
  8.0400E+000, -8.9293E-003, -1.2356E-002
  8.0500E+000, -8.9293E-003, -3.2442E-003
  8.0600E+000, -8.9293E-003, -1.2356E-002
  8.0700E+000, -8.9293E-003, -1.2356E-002
  8.0800E+000, -8.9293E-003, -3.2442E-003
  8.0900E+000, -8.9293E-003, -1.2356E-002
  8.1000E+000, -8.9293E-003, -1.2356E-002
  8.1100E+000, -8.9293E-003, -3.2442E-003
  8.1200E+000, -8.9293E-003, -1.2356E-002
  8.1300E+000, -8.9293E-003, -1.2356E-002
  8.1400E+000, -8.9293E-003, -3.2442E-003
  8.1500E+000,  1.8223E-004, -1.2356E-002
  8.1600E+000,  1.8223E-004, -3.2442E-003
  8.1700E+000, -1.8042E-002, -1.2356E-002
  8.1800E+000, -8.9293E-003, -1.2356E-002
  8.1900E+000, -8.9293E-003, -3.2442E-003
  8.2000E+000, -8.9293E-003, -1.2356E-002
  8.2100E+000,  1.8223E-004, -1.2356E-002
  8.2200E+000,  1.8223E-004, -1.2356E-002
  8.2300E+000, -8.9293E-003, -1.2356E-002
  8.2400E+000, -1.8042E-002, -3.2442E-003
  8.2500E+000, -1.8042E-002, -1.2356E-002
  8.2600E+000, -8.9293E-003, -1.2356E-002
  8.2700E+000, -8.9293E-003, -3.2442E-003
  8.2800E+000, -8.9293E-003, -1.2356E-002
  8.2900E+000, -8.9293E-003, -1.2356E-002
  8.3000E+000,  1.8223E-004, -1.2356E-002
  8.3100E+000, -8.9293E-003, -1.2356E-002
  8.3200E+000, -8.9293E-003, -1.2356E-002
  8.3300E+000, -8.9293E-003, -1.2356E-002
  8.3400E+000, -8.9293E-003, -3.2442E-003
  8.3500E+000, -8.9293E-003, -1.2356E-002
  8.3600E+000, -8.9293E-003, -3.2442E-003
  8.3700E+000, -1.8042E-002, -1.2356E-002
  8.3800E+000, -8.9293E-003, -1.2356E-002
  8.3900E+000, -8.9293E-003, -3.2442E-003
  8.4000E+000, -8.9293E-003, -1.2356E-002
  8.4100E+000, -8.9293E-003, -3.2442E-003
  8.4200E+000, -8.9293E-003, -1.2356E-002
  8.4300E+000, -8.9293E-003, -1.2356E-002
  8.4400E+000, -8.9293E-003, -1.2356E-002
  8.4500E+000, -8.9293E-003, -1.2356E-002
  8.4600E+000, -1.8042E-002, -1.2356E-002
  8.4700E+000, -8.9293E-003, -1.2356E-002
  8.4800E+000, -8.9293E-003, -1.2356E-002
  8.4900E+000,  1.8223E-004, -3.2442E-003
  8.5000E+000,  1.8223E-004, -1.2356E-002
  8.5100E+000, -8.9293E-003, -3.2442E-003
  8.5200E+000, -8.9293E-003, -3.2442E-003
  8.5300E+000, -8.9293E-003, -1.2356E-002
  8.5400E+000, -8.9293E-003, -3.2442E-003
  8.5500E+000, -8.9293E-003, -3.2442E-003
  8.5600E+000,  1.8223E-004, -1.2356E-002
  8.5700E+000, -8.9293E-003, -1.2356E-002
  8.5800E+000, -8.9293E-003, -3.2442E-003
  8.5900E+000, -8.9293E-003, -1.2356E-002
  8.6000E+000, -1.8042E-002, -1.2356E-002
  8.6100E+000,  1.8223E-004, -3.2442E-003
  8.6200E+000, -8.9293E-003, -1.2356E-002
  8.6300E+000,  1.8223E-004, -1.2356E-002
  8.6400E+000, -8.9293E-003, -1.2356E-002
  8.6500E+000, -8.9293E-003, -1.2356E-002
  8.6600E+000, -8.9293E-003, -1.2356E-002
  8.6700E+000, -8.9293E-003, -1.2356E-002
  8.6800E+000,  1.8223E-004, -1.2356E-002
  8.6900E+000,  1.8223E-004, -3.2442E-003
  8.7000E+000, -8.9293E-003, -1.2356E-002
  8.7100E+000, -1.8042E-002, -1.2356E-002
  8.7200E+000, -1.8042E-002, -1.2356E-002
  8.7300E+000, -8.9293E-003, -1.2356E-002
  8.7400E+000,  1.8223E-004, -1.2356E-002
  8.7500E+000,  1.8223E-004, -1.2356E-002
  8.7600E+000,  1.8223E-004, -3.2442E-003
  8.7700E+000, -8.9293E-003, -1.2356E-002
  8.7800E+000, -8.9293E-003, -1.2356E-002
  8.7900E+000, -8.9293E-003, -1.2356E-002
  8.8000E+000,  1.8223E-004, -1.2356E-002
  8.8100E+000, -8.9293E-003, -1.2356E-002
  8.8200E+000, -8.9293E-003, -1.2356E-002
  8.8300E+000, -8.9293E-003, -1.2356E-002
  8.8400E+000, -8.9293E-003, -1.2356E-002
  8.8500E+000, -8.9293E-003, -1.2356E-002
  8.8600E+000, -8.9293E-003, -1.2356E-002
  8.8700E+000, -8.9293E-003, -1.2356E-002
  8.8800E+000, -8.9293E-003, -1.2356E-002
  8.8900E+000,  1.8223E-004, -1.2356E-002
  8.9000E+000, -8.9293E-003, -1.2356E-002
  8.9100E+000, -8.9293E-003, -1.2356E-002
  8.9200E+000, -8.9293E-003, -1.2356E-002
  8.9300E+000, -8.9293E-003, -1.2356E-002
  8.9400E+000, -1.8042E-002, -2.1468E-002
  8.9500E+000, -8.9293E-003, -1.2356E-002
  8.9600E+000, -8.9293E-003, -3.2442E-003
  8.9700E+000, -8.9293E-003, -1.2356E-002
  8.9800E+000, -8.9293E-003, -1.2356E-002
  8.9900E+000, -8.9293E-003, -1.2356E-002
  9.0000E+000, -8.9293E-003, -1.2356E-002
  9.0100E+000, -1.8042E-002, -1.2356E-002
  9.0200E+000, -1.8042E-002, -1.2356E-002
  9.0300E+000, -8.9293E-003, -1.2356E-002
  9.0400E+000,  1.8223E-004, -3.2442E-003
  9.0500E+000, -8.9293E-003, -1.2356E-002
  9.0600E+000, -8.9293E-003, -1.2356E-002
  9.0700E+000, -8.9293E-003, -1.2356E-002
  9.0800E+000, -8.9293E-003, -1.2356E-002
  9.0900E+000, -8.9293E-003, -1.2356E-002
  9.1000E+000, -8.9293E-003, -1.2356E-002
  9.1100E+000, -8.9293E-003, -1.2356E-002
  9.1200E+000, -8.9293E-003, -1.2356E-002
  9.1300E+000, -8.9293E-003, -3.2442E-003
  9.1400E+000, -8.9293E-003, -1.2356E-002
  9.1500E+000, -8.9293E-003, -1.2356E-002
  9.1600E+000, -8.9293E-003, -1.2356E-002
  9.1700E+000, -8.9293E-003, -1.2356E-002
  9.1800E+000, -8.9293E-003, -1.2356E-002
  9.1900E+000, -8.9293E-003, -1.2356E-002
  9.2000E+000, -8.9293E-003, -2.1468E-002
  9.2100E+000, -8.9293E-003, -1.2356E-002
  9.2200E+000, -8.9293E-003, -1.2356E-002
  9.2300E+000, -8.9293E-003, -1.2356E-002
  9.2400E+000, -8.9293E-003, -3.2442E-003
  9.2500E+000, -8.9293E-003, -3.2442E-003
  9.2600E+000, -8.9293E-003, -1.2356E-002
  9.2700E+000, -8.9293E-003, -1.2356E-002
  9.2800E+000, -1.8042E-002, -1.2356E-002
  9.2900E+000, -8.9293E-003, -2.1468E-002
  9.3000E+000, -8.9293E-003, -1.2356E-002
  9.3100E+000, -8.9293E-003, -1.2356E-002
  9.3200E+000,  1.8223E-004, -1.2356E-002
  9.3300E+000, -8.9293E-003, -1.2356E-002
  9.3400E+000, -8.9293E-003, -3.2442E-003
  9.3500E+000, -1.8042E-002, -1.2356E-002
  9.3600E+000, -8.9293E-003, -1.2356E-002
  9.3700E+000, -1.8042E-002, -1.2356E-002
  9.3800E+000, -8.9293E-003, -1.2356E-002
  9.3900E+000, -8.9293E-003, -3.2442E-003
  9.4000E+000, -8.9293E-003, -3.2442E-003
  9.4100E+000, -8.9293E-003, -1.2356E-002
  9.4200E+000, -1.8042E-002, -2.1468E-002
  9.4300E+000, -8.9293E-003, -1.2356E-002
  9.4400E+000, -8.9293E-003, -3.2442E-003
  9.4500E+000, -8.9293E-003, -3.2442E-003
  9.4600E+000, -8.9293E-003, -3.2442E-003
  9.4700E+000, -1.8042E-002, -1.2356E-002
  9.4800E+000, -1.8042E-002, -1.2356E-002
  9.4900E+000, -8.9293E-003, -1.2356E-002
  9.5000E+000, -8.9293E-003, -1.2356E-002
  9.5100E+000, -8.9293E-003, -1.2356E-002
  9.5200E+000,  1.8223E-004, -1.2356E-002
  9.5300E+000, -1.8042E-002, -3.2442E-003
  9.5400E+000, -8.9293E-003, -3.2442E-003
  9.5500E+000, -8.9293E-003, -1.2356E-002
  9.5600E+000, -8.9293E-003, -3.2442E-003
  9.5700E+000,  1.8223E-004, -1.2356E-002
  9.5800E+000, -8.9293E-003, -1.2356E-002
  9.5900E+000, -8.9293E-003, -1.2356E-002
  9.6000E+000,  1.8223E-004, -1.2356E-002
  9.6100E+000, -8.9293E-003, -1.2356E-002
  9.6200E+000, -8.9293E-003, -3.2442E-003
  9.6300E+000, -8.9293E-003, -1.2356E-002
  9.6400E+000, -8.9293E-003, -3.2442E-003
  9.6500E+000, -8.9293E-003, -1.2356E-002
  9.6600E+000, -8.9293E-003, -1.2356E-002
  9.6700E+000, -8.9293E-003, -1.2356E-002
  9.6800E+000,  1.8223E-004, -3.2442E-003
  9.6900E+000, -8.9293E-003, -1.2356E-002
  9.7000E+000, -8.9293E-003, -1.2356E-002
  9.7100E+000, -8.9293E-003, -1.2356E-002
  9.7200E+000, -8.9293E-003, -3.2442E-003
  9.7300E+000, -8.9293E-003, -3.2442E-003
  9.7400E+000, -8.9293E-003, -3.2442E-003
  9.7500E+000, -1.8042E-002, -3.2442E-003
  9.7600E+000, -1.8042E-002, -2.1468E-002
  9.7700E+000, -8.9293E-003, -2.1468E-002
  9.7800E+000, -8.9293E-003, -1.2356E-002
  9.7900E+000, -8.9293E-003, -3.2442E-003
  9.8000E+000, -8.9293E-003, -3.2442E-003
  9.8100E+000, -8.9293E-003, -1.2356E-002
  9.8200E+000, -8.9293E-003, -1.2356E-002
  9.8300E+000, -8.9293E-003, -3.2442E-003
  9.8400E+000,  1.8223E-004, -1.2356E-002
  9.8500E+000, -8.9293E-003, -1.2356E-002
  9.8600E+000, -8.9293E-003, -3.2442E-003
  9.8700E+000, -8.9293E-003, -1.2356E-002
  9.8800E+000, -1.8042E-002, -1.2356E-002
  9.8900E+000, -8.9293E-003, -1.2356E-002
  9.9000E+000, -8.9293E-003, -1.2356E-002
  9.9100E+000, -8.9293E-003, -1.2356E-002
  9.9200E+000, -8.9293E-003, -1.2356E-002
  9.9300E+000, -8.9293E-003, -1.2356E-002
  9.9400E+000, -8.9293E-003, -3.2442E-003
  9.9500E+000, -8.9293E-003, -3.2442E-003
  9.9600E+000, -8.9293E-003, -1.2356E-002
  9.9700E+000, -8.9293E-003, -2.1468E-002
  9.9800E+000, -8.9293E-003, -3.2442E-003
  9.9900E+000,  1.8223E-004, -3.2442E-003
  1.0000E+001, -1.8042E-002, -2.1468E-002
  1.0010E+001, -1.8042E-002, -3.2442E-003
  1.0020E+001,  1.8223E-004, -3.2442E-003
  1.0030E+001, -8.9293E-003, -3.2442E-003
  1.0040E+001, -8.9293E-003, -3.2442E-003
  1.0050E+001, -1.8042E-002, -1.2356E-002
  1.0060E+001, -8.9293E-003, -1.2356E-002
  1.0070E+001, -8.9293E-003, -1.2356E-002
  1.0080E+001, -8.9293E-003, -3.2442E-003
  1.0090E+001, -8.9293E-003, -3.2442E-003
  1.0100E+001, -8.9293E-003, -1.2356E-002
  1.0110E+001, -8.9293E-003, -1.2356E-002
  1.0120E+001, -8.9293E-003, -1.2356E-002
  1.0130E+001, -8.9293E-003, -3.2442E-003
  1.0140E+001, -8.9293E-003, -3.2442E-003
  1.0150E+001, -8.9293E-003, -3.2442E-003
  1.0160E+001, -8.9293E-003, -3.2442E-003
  1.0170E+001, -8.9293E-003, -1.2356E-002
  1.0180E+001, -8.9293E-003, -3.2442E-003
  1.0190E+001,  1.8223E-004, -3.2442E-003
  1.0200E+001,  1.8223E-004, -1.2356E-002
  1.0210E+001, -8.9293E-003, -1.2356E-002
  1.0220E+001, -8.9293E-003, -3.2442E-003
  1.0230E+001, -8.9293E-003, -3.2442E-003
  1.0240E+001, -8.9293E-003, -3.2442E-003
  1.0250E+001, -1.8042E-002, -1.2356E-002
  1.0260E+001, -8.9293E-003, -3.2442E-003
  1.0270E+001, -8.9293E-003, -3.2442E-003
  1.0280E+001, -8.9293E-003, -3.2442E-003
  1.0290E+001, -8.9293E-003, -1.2356E-002
  1.0300E+001, -1.8042E-002, -3.2442E-003
  1.0310E+001, -1.8042E-002, -1.2356E-002
  1.0320E+001, -8.9293E-003, -3.2442E-003
  1.0330E+001,  1.8223E-004, -3.2442E-003
  1.0340E+001, -8.9293E-003, -3.2442E-003
  1.0350E+001, -8.9293E-003, -1.2356E-002
  1.0360E+001, -1.8042E-002, -1.2356E-002
  1.0370E+001, -1.8042E-002, -3.2442E-003
  1.0380E+001, -8.9293E-003, -3.2442E-003
  1.0390E+001, -8.9293E-003, -3.2442E-003
  1.0400E+001,  1.8223E-004, -1.2356E-002
  1.0410E+001, -8.9293E-003, -1.2356E-002
  1.0420E+001, -8.9293E-003, -1.2356E-002
  1.0430E+001, -8.9293E-003, -3.2442E-003
  1.0440E+001, -8.9293E-003, -3.2442E-003
  1.0450E+001,  1.8223E-004, -3.2442E-003
  1.0460E+001, -8.9293E-003, -2.1468E-002
  1.0470E+001,  1.8223E-004, -3.2442E-003
  1.0480E+001,  1.8223E-004, -3.2442E-003
  1.0490E+001, -1.8042E-002, -3.2442E-003
  1.0500E+001, -1.8042E-002, -1.2356E-002
  1.0510E+001, -1.8042E-002, -1.2356E-002
  1.0520E+001, -8.9293E-003, -1.2356E-002
  1.0530E+001,  1.8223E-004, -1.2356E-002
  1.0540E+001, -8.9293E-003, -2.1468E-002
  1.0550E+001, -8.9293E-003, -1.2356E-002
  1.0560E+001, -1.8042E-002, -1.2356E-002
  1.0570E+001, -1.8042E-002, -3.2442E-003
  1.0580E+001, -8.9293E-003, -1.2356E-002
  1.0590E+001, -8.9293E-003, -3.2442E-003
  1.0600E+001, -1.8042E-002, -1.2356E-002
  1.0610E+001, -8.9293E-003, -2.1468E-002
  1.0620E+001, -1.8042E-002, -1.2356E-002
  1.0630E+001, -1.8042E-002, -3.2442E-003
  1.0640E+001, -1.8042E-002, -1.2356E-002
  1.0650E+001, -1.8042E-002, -3.2442E-003
  1.0660E+001, -8.9293E-003, -1.2356E-002
  1.0670E+001, -8.9293E-003, -3.2442E-003
  1.0680E+001,  1.8223E-004, -3.2442E-003
  1.0690E+001,  1.8223E-004, -3.2442E-003
  1.0700E+001, -1.8042E-002, -1.2356E-002
  1.0710E+001, -2.7153E-002, -1.2356E-002
  1.0720E+001, -8.9293E-003, -1.2356E-002
  1.0730E+001, -8.9293E-003, -1.2356E-002
  1.0740E+001, -8.9293E-003, -3.2442E-003
  1.0750E+001, -8.9293E-003, -1.2356E-002
  1.0760E+001, -8.9293E-003, -1.2356E-002
  1.0770E+001, -8.9293E-003, -1.2356E-002
  1.0780E+001, -1.8042E-002, -1.2356E-002
  1.0790E+001, -8.9293E-003, -1.2356E-002
  1.0800E+001, -8.9293E-003, -1.2356E-002
  1.0810E+001, -8.9293E-003, -1.2356E-002
  1.0820E+001, -1.8042E-002, -1.2356E-002
  1.0830E+001, -8.9293E-003, -1.2356E-002
  1.0840E+001, -8.9293E-003, -1.2356E-002
  1.0850E+001, -1.8042E-002, -3.2442E-003
  1.0860E+001, -8.9293E-003, -1.2356E-002
  1.0870E+001, -8.9293E-003, -1.2356E-002
  1.0880E+001, -8.9293E-003, -1.2356E-002
  1.0890E+001, -8.9293E-003, -3.2442E-003
  1.0900E+001, -1.8042E-002, -3.2442E-003
  1.0910E+001, -8.9293E-003, -3.2442E-003
  1.0920E+001, -1.8042E-002, -1.2356E-002
  1.0930E+001, -1.8042E-002, -3.2442E-003
  1.0940E+001, -1.8042E-002, -2.1468E-002
  1.0950E+001, -8.9293E-003, -2.1468E-002
  1.0960E+001, -8.9293E-003, -1.2356E-002
  1.0970E+001, -8.9293E-003, -2.1468E-002
  1.0980E+001, -2.7153E-002, -1.2356E-002
  1.0990E+001, -1.8042E-002, -1.2356E-002
  1.1000E+001, -8.9293E-003, -2.1468E-002
  1.1010E+001,  1.8223E-004, -1.2356E-002
  1.1020E+001, -8.9293E-003, -1.2356E-002
  1.1030E+001, -8.9293E-003, -1.2356E-002
  1.1040E+001, -1.8042E-002, -1.2356E-002
  1.1050E+001, -2.7153E-002, -2.1468E-002
  1.1060E+001, -1.8042E-002, -1.2356E-002
  1.1070E+001, -1.8042E-002, -2.1468E-002
  1.1080E+001, -8.9293E-003, -1.2356E-002
  1.1090E+001, -8.9293E-003, -2.1468E-002
  1.1100E+001,  1.8223E-004, -1.2356E-002
  1.1110E+001, -1.8042E-002, -2.1468E-002
  1.1120E+001, -8.9293E-003, -2.1468E-002
  1.1130E+001, -1.8042E-002, -1.2356E-002
  1.1140E+001, -1.8042E-002, -3.2442E-003
  1.1150E+001,  1.8223E-004, -3.2442E-003
  1.1160E+001, -8.9293E-003, -1.2356E-002
  1.1170E+001, -8.9293E-003, -1.2356E-002
  1.1180E+001, -8.9293E-003, -2.1468E-002
  1.1190E+001, -1.8042E-002, -1.2356E-002
  1.1200E+001, -8.9293E-003, -1.2356E-002
  1.1210E+001, -8.9293E-003, -3.2442E-003
  1.1220E+001, -8.9293E-003, -1.2356E-002
  1.1230E+001, -8.9293E-003, -1.2356E-002
  1.1240E+001, -8.9293E-003, -1.2356E-002
  1.1250E+001, -1.8042E-002, -1.2356E-002
  1.1260E+001, -1.8042E-002, -1.2356E-002
  1.1270E+001, -8.9293E-003, -1.2356E-002
  1.1280E+001, -8.9293E-003, -1.2356E-002
  1.1290E+001, -8.9293E-003, -1.2356E-002
  1.1300E+001, -8.9293E-003, -2.1468E-002
  1.1310E+001, -8.9293E-003, -1.2356E-002
  1.1320E+001, -1.8042E-002, -1.2356E-002
  1.1330E+001, -1.8042E-002, -1.2356E-002
  1.1340E+001, -8.9293E-003, -1.2356E-002
  1.1350E+001, -8.9293E-003, -1.2356E-002
  1.1360E+001, -8.9293E-003, -1.2356E-002
  1.1370E+001, -8.9293E-003, -1.2356E-002
  1.1380E+001, -8.9293E-003, -3.2442E-003
  1.1390E+001, -8.9293E-003, -3.2442E-003
  1.1400E+001, -1.8042E-002, -1.2356E-002
  1.1410E+001, -8.9293E-003, -1.2356E-002
  1.1420E+001, -8.9293E-003, -1.2356E-002
  1.1430E+001, -8.9293E-003, -3.2442E-003
  1.1440E+001, -8.9293E-003, -1.2356E-002
  1.1450E+001, -1.8042E-002, -1.2356E-002
  1.1460E+001, -1.8042E-002, -2.1468E-002
  1.1470E+001, -1.8042E-002, -2.1468E-002
  1.1480E+001, -1.8042E-002, -1.2356E-002
  1.1490E+001, -8.9293E-003, -3.2442E-003
  1.1500E+001, -8.9293E-003, -1.2356E-002
  1.1510E+001, -1.8042E-002, -1.2356E-002
  1.1520E+001, -1.8042E-002, -2.1468E-002
  1.1530E+001, -1.8042E-002, -2.1468E-002
  1.1540E+001, -8.9293E-003, -1.2356E-002
  1.1550E+001, -8.9293E-003, -2.1468E-002
  1.1560E+001, -8.9293E-003, -1.2356E-002
  1.1570E+001, -8.9293E-003, -2.1468E-002
  1.1580E+001, -1.8042E-002, -1.2356E-002
  1.1590E+001, -1.8042E-002, -1.2356E-002
  1.1600E+001, -8.9293E-003, -1.2356E-002
  1.1610E+001, -1.8042E-002, -1.2356E-002
  1.1620E+001, -8.9293E-003, -1.2356E-002
  1.1630E+001, -8.9293E-003, -3.2442E-003
  1.1640E+001, -8.9293E-003, -1.2356E-002
  1.1650E+001, -8.9293E-003, -1.2356E-002
  1.1660E+001, -8.9293E-003, -1.2356E-002
  1.1670E+001, -1.8042E-002, -2.1468E-002
  1.1680E+001, -1.8042E-002, -1.2356E-002
  1.1690E+001, -8.9293E-003, -2.1468E-002
  1.1700E+001, -8.9293E-003, -1.2356E-002
  1.1710E+001, -8.9293E-003, -1.2356E-002
  1.1720E+001, -8.9293E-003, -1.2356E-002
  1.1730E+001, -8.9293E-003, -1.2356E-002
  1.1740E+001, -1.8042E-002, -1.2356E-002
  1.1750E+001, -1.8042E-002, -2.1468E-002
  1.1760E+001, -8.9293E-003, -1.2356E-002
  1.1770E+001, -8.9293E-003, -1.2356E-002
  1.1780E+001, -8.9293E-003, -1.2356E-002
  1.1790E+001, -1.8042E-002, -2.1468E-002
  1.1800E+001, -8.9293E-003, -2.1468E-002
  1.1810E+001, -8.9293E-003, -1.2356E-002
  1.1820E+001, -1.8042E-002, -2.1468E-002
  1.1830E+001, -1.8042E-002, -1.2356E-002
  1.1840E+001, -8.9293E-003, -1.2356E-002
  1.1850E+001, -8.9293E-003, -1.2356E-002
  1.1860E+001, -8.9293E-003, -1.2356E-002
  1.1870E+001, -1.8042E-002, -2.1468E-002
  1.1880E+001, -1.8042E-002, -3.2442E-003
  1.1890E+001, -1.8042E-002, -1.2356E-002
  1.1900E+001, -8.9293E-003, -1.2356E-002
  1.1910E+001, -8.9293E-003, -1.2356E-002
  1.1920E+001, -8.9293E-003, -2.1468E-002
  1.1930E+001, -1.8042E-002, -1.2356E-002
  1.1940E+001, -8.9293E-003, -1.2356E-002
  1.1950E+001, -1.8042E-002, -1.2356E-002
  1.1960E+001, -1.8042E-002, -3.2442E-003
  1.1970E+001, -8.9293E-003, -1.2356E-002
  1.1980E+001, -8.9293E-003, -1.2356E-002
  1.1990E+001, -8.9293E-003, -3.2442E-003
  1.2000E+001, -1.8042E-002, -2.1468E-002
  1.2010E+001, -8.9293E-003, -1.2356E-002
  1.2020E+001, -8.9293E-003, -1.2356E-002
  1.2030E+001, -8.9293E-003, -1.2356E-002
  1.2040E+001, -8.9293E-003, -3.2442E-003
  1.2050E+001, -8.9293E-003, -1.2356E-002
  1.2060E+001, -8.9293E-003, -1.2356E-002
  1.2070E+001, -1.8042E-002, -1.2356E-002
  1.2080E+001, -1.8042E-002, -1.2356E-002
  1.2090E+001, -8.9293E-003, -1.2356E-002
  1.2100E+001, -1.8042E-002, -1.2356E-002
  1.2110E+001, -8.9293E-003, -1.2356E-002
  1.2120E+001, -8.9293E-003, -1.2356E-002
  1.2130E+001, -8.9293E-003, -1.2356E-002
  1.2140E+001, -8.9293E-003, -1.2356E-002
  1.2150E+001, -1.8042E-002, -1.2356E-002
  1.2160E+001, -8.9293E-003, -1.2356E-002
  1.2170E+001, -8.9293E-003, -1.2356E-002
  1.2180E+001, -8.9293E-003, -1.2356E-002
  1.2190E+001, -8.9293E-003, -1.2356E-002
  1.2200E+001, -8.9293E-003, -1.2356E-002
  1.2210E+001, -8.9293E-003, -3.2442E-003
  1.2220E+001, -1.8042E-002, -1.2356E-002
  1.2230E+001, -8.9293E-003, -3.2442E-003
  1.2240E+001, -8.9293E-003, -1.2356E-002
  1.2250E+001, -8.9293E-003, -1.2356E-002
  1.2260E+001, -8.9293E-003, -1.2356E-002
  1.2270E+001, -8.9293E-003, -1.2356E-002
  1.2280E+001, -8.9293E-003, -1.2356E-002
  1.2290E+001, -8.9293E-003, -1.2356E-002
  1.2300E+001, -8.9293E-003, -1.2356E-002
  1.2310E+001, -8.9293E-003, -1.2356E-002
  1.2320E+001, -8.9293E-003, -1.2356E-002
  1.2330E+001, -8.9293E-003, -1.2356E-002
  1.2340E+001, -8.9293E-003, -1.2356E-002
  1.2350E+001, -8.9293E-003, -1.2356E-002
  1.2360E+001, -8.9293E-003, -1.2356E-002
  1.2370E+001, -8.9293E-003, -1.2356E-002
  1.2380E+001, -8.9293E-003, -1.2356E-002
  1.2390E+001,  1.8223E-004, -3.2442E-003
  1.2400E+001, -8.9293E-003, -1.2356E-002
  1.2410E+001, -8.9293E-003, -1.2356E-002
  1.2420E+001, -8.9293E-003, -1.2356E-002
  1.2430E+001, -1.8042E-002, -3.2442E-003
  1.2440E+001, -8.9293E-003, -1.2356E-002
  1.2450E+001, -8.9293E-003, -1.2356E-002
  1.2460E+001,  1.8223E-004, -1.2356E-002
  1.2470E+001, -8.9293E-003, -1.2356E-002
  1.2480E+001, -8.9293E-003, -1.2356E-002
  1.2490E+001, -8.9293E-003, -1.2356E-002
  1.2500E+001, -8.9293E-003, -1.2356E-002
  1.2510E+001, -8.9293E-003, -3.2442E-003
  1.2520E+001, -8.9293E-003, -3.2442E-003
  1.2530E+001,  1.8223E-004, -3.2442E-003
  1.2540E+001, -8.9293E-003, -1.2356E-002
  1.2550E+001, -8.9293E-003, -3.2442E-003
  1.2560E+001, -1.8042E-002, -3.2442E-003
  1.2570E+001, -8.9293E-003, -3.2442E-003
  1.2580E+001, -8.9293E-003, -3.2442E-003
  1.2590E+001, -8.9293E-003, -3.2442E-003
  1.2600E+001, -8.9293E-003, -1.2356E-002
  1.2610E+001, -1.8042E-002, -1.2356E-002
  1.2620E+001, -8.9293E-003, -3.2442E-003
  1.2630E+001, -1.8042E-002, -3.2442E-003
  1.2640E+001, -1.8042E-002, -3.2442E-003
  1.2650E+001, -8.9293E-003, -3.2442E-003
  1.2660E+001, -8.9293E-003, -3.2442E-003
  1.2670E+001, -8.9293E-003, -3.2442E-003
  1.2680E+001, -8.9293E-003, -3.2442E-003
  1.2690E+001, -8.9293E-003, -3.2442E-003
  1.2700E+001, -8.9293E-003, -3.2442E-003
  1.2710E+001, -8.9293E-003, -3.2442E-003
  1.2720E+001, -1.8042E-002, -1.2356E-002
  1.2730E+001, -8.9293E-003, -3.2442E-003
  1.2740E+001, -8.9293E-003, -1.2356E-002
  1.2750E+001, -1.8042E-002, -1.2356E-002
  1.2760E+001, -8.9293E-003, -3.2442E-003
  1.2770E+001, -8.9293E-003, -3.2442E-003
  1.2780E+001, -8.9293E-003, -3.2442E-003
  1.2790E+001, -8.9293E-003, -3.2442E-003
  1.2800E+001, -8.9293E-003, -3.2442E-003
  1.2810E+001, -8.9293E-003, -3.2442E-003
  1.2820E+001, -8.9293E-003, -3.2442E-003
  1.2830E+001, -8.9293E-003, -3.2442E-003
  1.2840E+001, -1.8042E-002, -3.2442E-003
  1.2850E+001, -8.9293E-003, -3.2442E-003
  1.2860E+001, -8.9293E-003, -3.2442E-003
  1.2870E+001, -8.9293E-003, -3.2442E-003
  1.2880E+001, -8.9293E-003, -3.2442E-003
  1.2890E+001, -8.9293E-003, -3.2442E-003
  1.2900E+001, -8.9293E-003, -3.2442E-003
  1.2910E+001, -8.9293E-003, -3.2442E-003
  1.2920E+001, -8.9293E-003, -3.2442E-003
  1.2930E+001, -8.9293E-003,  5.8673E-003
  1.2940E+001,  1.8223E-004, -3.2442E-003
  1.2950E+001, -8.9293E-003, -3.2442E-003
  1.2960E+001, -8.9293E-003, -3.2442E-003
  1.2970E+001, -1.8042E-002, -1.2356E-002
  1.2980E+001, -8.9293E-003, -3.2442E-003
  1.2990E+001, -1.8042E-002, -3.2442E-003
  1.3000E+001, -8.9293E-003,  5.8673E-003
  1.3010E+001, -8.9293E-003, -3.2442E-003
  1.3020E+001, -8.9293E-003, -3.2442E-003
  1.3030E+001, -8.9293E-003, -3.2442E-003
  1.3040E+001, -1.8042E-002, -3.2442E-003
  1.3050E+001, -8.9293E-003, -3.2442E-003
  1.3060E+001, -8.9293E-003, -3.2442E-003
  1.3070E+001, -8.9293E-003, -3.2442E-003
  1.3080E+001, -8.9293E-003, -3.2442E-003
  1.3090E+001, -8.9293E-003, -3.2442E-003
  1.3100E+001, -8.9293E-003, -3.2442E-003
  1.3110E+001, -8.9293E-003, -3.2442E-003
  1.3120E+001, -8.9293E-003, -3.2442E-003
  1.3130E+001, -8.9293E-003, -3.2442E-003
  1.3140E+001, -1.8042E-002, -3.2442E-003
  1.3150E+001, -8.9293E-003, -3.2442E-003
  1.3160E+001, -8.9293E-003, -3.2442E-003
  1.3170E+001, -8.9293E-003, -3.2442E-003
  1.3180E+001, -8.9293E-003, -3.2442E-003
  1.3190E+001, -8.9293E-003, -3.2442E-003
  1.3200E+001, -8.9293E-003, -3.2442E-003
