Time Ha
1.000000000000000021e-02 0.000000000000000000e+00
2.000000000000000042e-02 0.000000000000000000e+00
2.999999999999999889e-02 0.000000000000000000e+00
4.000000000000000083e-02 0.000000000000000000e+00
5.000000000000000278e-02 0.000000000000000000e+00
5.999999999999999778e-02 0.000000000000000000e+00
7.000000000000000666e-02 0.000000000000000000e+00
8.000000000000000167e-02 4.000000000000000192e-04
8.999999999999999667e-02 0.000000000000000000e+00
1.000000000000000056e-01 0.000000000000000000e+00
1.100000000000000006e-01 0.000000000000000000e+00
1.199999999999999956e-01 4.000000000000000192e-04
1.300000000000000044e-01 -4.000000000000000192e-04
1.400000000000000133e-01 0.000000000000000000e+00
1.499999999999999944e-01 0.000000000000000000e+00
1.600000000000000033e-01 0.000000000000000000e+00
1.700000000000000122e-01 0.000000000000000000e+00
1.799999999999999933e-01 4.000000000000000192e-04
1.900000000000000022e-01 0.000000000000000000e+00
2.000000000000000111e-01 0.000000000000000000e+00
2.099999999999999922e-01 0.000000000000000000e+00
2.200000000000000011e-01 0.000000000000000000e+00
2.300000000000000100e-01 0.000000000000000000e+00
2.399999999999999911e-01 0.000000000000000000e+00
2.500000000000000000e-01 0.000000000000000000e+00
2.600000000000000089e-01 0.000000000000000000e+00
2.700000000000000178e-01 0.000000000000000000e+00
2.800000000000000266e-01 0.000000000000000000e+00
2.899999999999999800e-01 4.000000000000000192e-04
2.999999999999999889e-01 -4.000000000000000192e-04
3.099999999999999978e-01 8.899999999999999925e-03
3.200000000000000067e-01 9.299999999999999239e-03
3.300000000000000155e-01 8.000000000000000167e-03
3.400000000000000244e-01 1.110000000000000049e-02
3.499999999999999778e-01 1.859999999999999848e-02
3.599999999999999867e-01 1.949999999999999997e-02
3.699999999999999956e-01 2.659999999999999865e-02
3.800000000000000044e-01 3.239999999999999825e-02
3.900000000000000133e-01 3.640000000000000180e-02
4.000000000000000222e-01 3.769999999999999740e-02
4.099999999999999756e-01 4.390000000000000152e-02
4.199999999999999845e-01 4.259999999999999898e-02
4.299999999999999933e-01 5.099999999999999672e-02
4.400000000000000022e-01 5.240000000000000213e-02
4.500000000000000111e-01 4.970000000000000112e-02
4.600000000000000200e-01 5.149999999999999717e-02
4.699999999999999734e-01 5.770000000000000129e-02
4.799999999999999822e-01 5.680000000000000326e-02
4.899999999999999911e-01 6.130000000000000032e-02
5.000000000000000000e-01 5.859999999999999931e-02
5.100000000000000089e-01 5.859999999999999931e-02
5.200000000000000178e-01 6.079999999999999988e-02
5.300000000000000266e-01 6.350000000000000089e-02
5.400000000000000355e-01 6.169999999999999790e-02
5.500000000000000444e-01 6.840000000000000246e-02
5.600000000000000533e-01 6.969999999999999807e-02
5.699999999999999512e-01 6.919999999999999762e-02
5.799999999999999600e-01 7.240000000000000602e-02
5.899999999999999689e-01 7.499999999999999722e-02
5.999999999999999778e-01 6.750000000000000444e-02
6.099999999999999867e-01 7.149999999999999412e-02
6.199999999999999956e-01 6.210000000000000242e-02
6.300000000000000044e-01 5.809999999999999887e-02
6.400000000000000133e-01 5.500000000000000028e-02
6.500000000000000222e-01 5.500000000000000028e-02
6.600000000000000311e-01 5.149999999999999717e-02
6.700000000000000400e-01 5.419999999999999818e-02
6.800000000000000488e-01 4.929999999999999660e-02
6.899999999999999467e-01 5.099999999999999672e-02
6.999999999999999556e-01 5.149999999999999717e-02
7.099999999999999645e-01 4.970000000000000112e-02
7.199999999999999734e-01 5.059999999999999915e-02
7.299999999999999822e-01 5.020000000000000157e-02
7.399999999999999911e-01 4.839999999999999858e-02
7.500000000000000000e-01 4.349999999999999700e-02
7.600000000000000089e-01 4.569999999999999757e-02
7.700000000000000178e-01 4.660000000000000253e-02
7.800000000000000266e-01 4.130000000000000338e-02
7.900000000000000355e-01 4.970000000000000112e-02
8.000000000000000444e-01 4.309999999999999942e-02
8.100000000000000533e-01 4.789999999999999813e-02
8.199999999999999512e-01 4.619999999999999801e-02
8.299999999999999600e-01 4.529999999999999999e-02
8.399999999999999689e-01 4.309999999999999942e-02
8.499999999999999778e-01 4.309999999999999942e-02
8.599999999999999867e-01 4.309999999999999942e-02
8.699999999999999956e-01 4.309999999999999942e-02
8.800000000000000044e-01 4.349999999999999700e-02
8.900000000000000133e-01 4.390000000000000152e-02
9.000000000000000222e-01 4.390000000000000152e-02
9.100000000000000311e-01 4.309999999999999942e-02
9.200000000000000400e-01 4.529999999999999999e-02
9.300000000000000488e-01 4.220000000000000140e-02
9.399999999999999467e-01 4.220000000000000140e-02
9.499999999999999556e-01 4.349999999999999700e-02
9.599999999999999645e-01 4.259999999999999898e-02
9.699999999999999734e-01 4.080000000000000293e-02
9.799999999999999822e-01 3.910000000000000281e-02
9.899999999999999911e-01 4.309999999999999942e-02
1.000000000000000000e+00 4.170000000000000095e-02
1.010000000000000009e+00 3.950000000000000039e-02
1.020000000000000018e+00 4.170000000000000095e-02
1.030000000000000027e+00 4.259999999999999898e-02
1.040000000000000036e+00 4.259999999999999898e-02
1.050000000000000044e+00 4.259999999999999898e-02
1.060000000000000053e+00 4.000000000000000083e-02
1.070000000000000062e+00 4.170000000000000095e-02
1.080000000000000071e+00 4.080000000000000293e-02
1.090000000000000080e+00 4.000000000000000083e-02
1.100000000000000089e+00 4.170000000000000095e-02
1.110000000000000098e+00 4.130000000000000338e-02
1.120000000000000107e+00 4.170000000000000095e-02
1.129999999999999893e+00 4.130000000000000338e-02
1.139999999999999902e+00 4.039999999999999841e-02
1.149999999999999911e+00 4.000000000000000083e-02
1.159999999999999920e+00 4.130000000000000338e-02
1.169999999999999929e+00 3.860000000000000236e-02
1.179999999999999938e+00 4.039999999999999841e-02
1.189999999999999947e+00 4.000000000000000083e-02
1.199999999999999956e+00 4.130000000000000338e-02
1.209999999999999964e+00 3.599999999999999728e-02
1.219999999999999973e+00 4.259999999999999898e-02
1.229999999999999982e+00 3.910000000000000281e-02
1.239999999999999991e+00 4.170000000000000095e-02
1.250000000000000000e+00 4.220000000000000140e-02
1.260000000000000009e+00 3.769999999999999740e-02
1.270000000000000018e+00 4.130000000000000338e-02
1.280000000000000027e+00 4.080000000000000293e-02
1.290000000000000036e+00 3.950000000000000039e-02
1.300000000000000044e+00 3.860000000000000236e-02
1.310000000000000053e+00 4.259999999999999898e-02
1.320000000000000062e+00 4.390000000000000152e-02
1.330000000000000071e+00 4.130000000000000338e-02
1.340000000000000080e+00 4.130000000000000338e-02
1.350000000000000089e+00 4.309999999999999942e-02
1.360000000000000098e+00 4.309999999999999942e-02
1.370000000000000107e+00 4.619999999999999801e-02
1.379999999999999893e+00 4.130000000000000338e-02
1.389999999999999902e+00 4.170000000000000095e-02
1.399999999999999911e+00 3.910000000000000281e-02
1.409999999999999920e+00 3.860000000000000236e-02
1.419999999999999929e+00 3.860000000000000236e-02
1.429999999999999938e+00 4.130000000000000338e-02
1.439999999999999947e+00 3.950000000000000039e-02
1.449999999999999956e+00 3.860000000000000236e-02
1.459999999999999964e+00 4.080000000000000293e-02
1.469999999999999973e+00 4.569999999999999757e-02
1.479999999999999982e+00 3.819999999999999785e-02
1.489999999999999991e+00 4.000000000000000083e-02
1.500000000000000000e+00 4.130000000000000338e-02
1.510000000000000009e+00 4.220000000000000140e-02
1.520000000000000018e+00 4.130000000000000338e-02
1.530000000000000027e+00 3.599999999999999728e-02
1.540000000000000036e+00 4.440000000000000197e-02
1.550000000000000044e+00 4.039999999999999841e-02
1.560000000000000053e+00 3.910000000000000281e-02
1.570000000000000062e+00 3.679999999999999938e-02
1.580000000000000071e+00 4.309999999999999942e-02
1.590000000000000080e+00 4.080000000000000293e-02
1.600000000000000089e+00 3.950000000000000039e-02
1.610000000000000098e+00 3.950000000000000039e-02
1.620000000000000107e+00 3.729999999999999982e-02
1.629999999999999893e+00 4.000000000000000083e-02
1.639999999999999902e+00 3.640000000000000180e-02
1.649999999999999911e+00 4.259999999999999898e-02
1.659999999999999920e+00 4.130000000000000338e-02
1.669999999999999929e+00 4.000000000000000083e-02
1.679999999999999938e+00 4.039999999999999841e-02
1.689999999999999947e+00 3.950000000000000039e-02
1.699999999999999956e+00 4.039999999999999841e-02
1.709999999999999964e+00 4.039999999999999841e-02
1.719999999999999973e+00 3.679999999999999938e-02
1.729999999999999982e+00 4.130000000000000338e-02
1.739999999999999991e+00 3.679999999999999938e-02
1.750000000000000000e+00 3.910000000000000281e-02
1.760000000000000009e+00 4.000000000000000083e-02
1.770000000000000018e+00 4.170000000000000095e-02
1.780000000000000027e+00 3.819999999999999785e-02
1.790000000000000036e+00 4.039999999999999841e-02
1.800000000000000044e+00 4.170000000000000095e-02
1.810000000000000053e+00 3.729999999999999982e-02
1.820000000000000062e+00 3.860000000000000236e-02
1.830000000000000071e+00 3.729999999999999982e-02
1.840000000000000080e+00 3.950000000000000039e-02
1.850000000000000089e+00 4.039999999999999841e-02
1.860000000000000098e+00 3.950000000000000039e-02
1.870000000000000107e+00 3.729999999999999982e-02
1.879999999999999893e+00 3.860000000000000236e-02
1.889999999999999902e+00 4.000000000000000083e-02
1.899999999999999911e+00 4.309999999999999942e-02
1.909999999999999920e+00 4.000000000000000083e-02
1.919999999999999929e+00 3.950000000000000039e-02
1.929999999999999938e+00 3.769999999999999740e-02
1.939999999999999947e+00 3.819999999999999785e-02
1.949999999999999956e+00 3.819999999999999785e-02
1.959999999999999964e+00 4.220000000000000140e-02
1.969999999999999973e+00 3.769999999999999740e-02
1.979999999999999982e+00 3.819999999999999785e-02
1.989999999999999991e+00 3.819999999999999785e-02
2.000000000000000000e+00 3.679999999999999938e-02
2.009999999999999787e+00 3.950000000000000039e-02
2.020000000000000018e+00 3.549999999999999684e-02
2.029999999999999805e+00 4.039999999999999841e-02
2.040000000000000036e+00 3.910000000000000281e-02
2.049999999999999822e+00 3.679999999999999938e-02
2.060000000000000053e+00 3.729999999999999982e-02
2.069999999999999840e+00 3.769999999999999740e-02
2.080000000000000071e+00 3.910000000000000281e-02
2.089999999999999858e+00 3.679999999999999938e-02
2.100000000000000089e+00 3.729999999999999982e-02
2.109999999999999876e+00 4.220000000000000140e-02
2.120000000000000107e+00 3.769999999999999740e-02
2.129999999999999893e+00 3.679999999999999938e-02
2.140000000000000124e+00 3.729999999999999982e-02
2.149999999999999911e+00 3.950000000000000039e-02
2.160000000000000142e+00 3.819999999999999785e-02
2.169999999999999929e+00 3.819999999999999785e-02
2.180000000000000160e+00 3.819999999999999785e-02
2.189999999999999947e+00 3.679999999999999938e-02
2.200000000000000178e+00 3.950000000000000039e-02
2.209999999999999964e+00 3.769999999999999740e-02
2.220000000000000195e+00 3.549999999999999684e-02
2.229999999999999982e+00 3.950000000000000039e-02
2.240000000000000213e+00 3.910000000000000281e-02
2.250000000000000000e+00 3.679999999999999938e-02
2.259999999999999787e+00 4.039999999999999841e-02
2.270000000000000018e+00 3.910000000000000281e-02
2.279999999999999805e+00 3.950000000000000039e-02
2.290000000000000036e+00 3.640000000000000180e-02
2.299999999999999822e+00 3.819999999999999785e-02
2.310000000000000053e+00 3.950000000000000039e-02
2.319999999999999840e+00 4.170000000000000095e-02
2.330000000000000071e+00 3.860000000000000236e-02
2.339999999999999858e+00 4.080000000000000293e-02
2.350000000000000089e+00 4.080000000000000293e-02
2.359999999999999876e+00 3.860000000000000236e-02
2.370000000000000107e+00 3.819999999999999785e-02
2.379999999999999893e+00 3.549999999999999684e-02
2.390000000000000124e+00 3.860000000000000236e-02
2.399999999999999911e+00 3.910000000000000281e-02
2.410000000000000142e+00 3.679999999999999938e-02
2.419999999999999929e+00 3.769999999999999740e-02
2.430000000000000160e+00 3.509999999999999926e-02
2.439999999999999947e+00 4.130000000000000338e-02
2.450000000000000178e+00 3.910000000000000281e-02
2.459999999999999964e+00 3.819999999999999785e-02
2.470000000000000195e+00 3.679999999999999938e-02
2.479999999999999982e+00 3.459999999999999881e-02
2.490000000000000213e+00 3.370000000000000079e-02
2.500000000000000000e+00 4.259999999999999898e-02
2.509999999999999787e+00 3.950000000000000039e-02
2.520000000000000018e+00 3.950000000000000039e-02
2.529999999999999805e+00 3.819999999999999785e-02
2.540000000000000036e+00 3.819999999999999785e-02
2.549999999999999822e+00 3.910000000000000281e-02
2.560000000000000053e+00 3.640000000000000180e-02
2.569999999999999840e+00 3.769999999999999740e-02
2.580000000000000071e+00 3.950000000000000039e-02
2.589999999999999858e+00 3.640000000000000180e-02
2.600000000000000089e+00 3.599999999999999728e-02
2.609999999999999876e+00 3.819999999999999785e-02
2.620000000000000107e+00 3.910000000000000281e-02
2.629999999999999893e+00 3.769999999999999740e-02
2.640000000000000124e+00 3.950000000000000039e-02
2.649999999999999911e+00 4.000000000000000083e-02
2.660000000000000142e+00 4.080000000000000293e-02
2.669999999999999929e+00 4.130000000000000338e-02
2.680000000000000160e+00 3.860000000000000236e-02
2.689999999999999947e+00 4.170000000000000095e-02
2.700000000000000178e+00 3.950000000000000039e-02
2.709999999999999964e+00 3.819999999999999785e-02
2.720000000000000195e+00 3.860000000000000236e-02
2.729999999999999982e+00 3.910000000000000281e-02
2.740000000000000213e+00 3.819999999999999785e-02
2.750000000000000000e+00 3.640000000000000180e-02
2.759999999999999787e+00 4.170000000000000095e-02
2.770000000000000018e+00 3.599999999999999728e-02
2.779999999999999805e+00 3.819999999999999785e-02
2.790000000000000036e+00 4.170000000000000095e-02
2.799999999999999822e+00 4.259999999999999898e-02
2.810000000000000053e+00 3.729999999999999982e-02
2.819999999999999840e+00 3.910000000000000281e-02
2.830000000000000071e+00 3.679999999999999938e-02
2.839999999999999858e+00 3.769999999999999740e-02
2.850000000000000089e+00 3.950000000000000039e-02
2.859999999999999876e+00 3.860000000000000236e-02
2.870000000000000107e+00 3.950000000000000039e-02
2.879999999999999893e+00 3.819999999999999785e-02
2.890000000000000124e+00 3.769999999999999740e-02
2.899999999999999911e+00 3.819999999999999785e-02
2.910000000000000142e+00 3.679999999999999938e-02
2.919999999999999929e+00 3.599999999999999728e-02
2.930000000000000160e+00 4.000000000000000083e-02
2.939999999999999947e+00 3.420000000000000123e-02
2.950000000000000178e+00 4.039999999999999841e-02
2.959999999999999964e+00 3.910000000000000281e-02
2.970000000000000195e+00 3.769999999999999740e-02
2.979999999999999982e+00 4.080000000000000293e-02
2.990000000000000213e+00 3.860000000000000236e-02
3.000000000000000000e+00 3.679999999999999938e-02
3.009999999999999787e+00 4.000000000000000083e-02
3.020000000000000018e+00 3.910000000000000281e-02
3.029999999999999805e+00 3.459999999999999881e-02
3.040000000000000036e+00 3.819999999999999785e-02
3.049999999999999822e+00 3.860000000000000236e-02
3.060000000000000053e+00 3.819999999999999785e-02
3.069999999999999840e+00 3.819999999999999785e-02
3.080000000000000071e+00 3.769999999999999740e-02
3.089999999999999858e+00 3.549999999999999684e-02
3.100000000000000089e+00 3.330000000000000321e-02
3.109999999999999876e+00 4.000000000000000083e-02
3.120000000000000107e+00 3.910000000000000281e-02
3.129999999999999893e+00 3.950000000000000039e-02
3.140000000000000124e+00 3.950000000000000039e-02
3.149999999999999911e+00 3.950000000000000039e-02
3.160000000000000142e+00 3.549999999999999684e-02
3.169999999999999929e+00 3.640000000000000180e-02
3.180000000000000160e+00 4.080000000000000293e-02
3.189999999999999947e+00 3.640000000000000180e-02
3.200000000000000178e+00 4.220000000000000140e-02
3.209999999999999964e+00 3.819999999999999785e-02
3.220000000000000195e+00 4.170000000000000095e-02
3.229999999999999982e+00 3.679999999999999938e-02
3.240000000000000213e+00 3.729999999999999982e-02
3.250000000000000000e+00 3.860000000000000236e-02
3.259999999999999787e+00 4.039999999999999841e-02
3.270000000000000018e+00 4.039999999999999841e-02
3.279999999999999805e+00 3.860000000000000236e-02
3.290000000000000036e+00 3.910000000000000281e-02
3.299999999999999822e+00 3.679999999999999938e-02
3.310000000000000053e+00 3.950000000000000039e-02
3.319999999999999840e+00 3.640000000000000180e-02
3.330000000000000071e+00 3.640000000000000180e-02
3.339999999999999858e+00 3.679999999999999938e-02
3.350000000000000089e+00 3.860000000000000236e-02
3.359999999999999876e+00 3.599999999999999728e-02
3.370000000000000107e+00 3.679999999999999938e-02
3.379999999999999893e+00 3.819999999999999785e-02
3.390000000000000124e+00 3.819999999999999785e-02
3.399999999999999911e+00 3.769999999999999740e-02
3.410000000000000142e+00 3.679999999999999938e-02
3.419999999999999929e+00 3.729999999999999982e-02
3.430000000000000160e+00 3.769999999999999740e-02
3.439999999999999947e+00 3.950000000000000039e-02
3.450000000000000178e+00 3.599999999999999728e-02
3.459999999999999964e+00 3.370000000000000079e-02
3.470000000000000195e+00 3.200000000000000067e-02
3.479999999999999982e+00 3.769999999999999740e-02
3.490000000000000213e+00 3.950000000000000039e-02
3.500000000000000000e+00 3.819999999999999785e-02
3.509999999999999787e+00 3.729999999999999982e-02
3.520000000000000018e+00 3.549999999999999684e-02
3.529999999999999805e+00 3.420000000000000123e-02
3.540000000000000036e+00 3.950000000000000039e-02
3.549999999999999822e+00 3.370000000000000079e-02
3.560000000000000053e+00 3.549999999999999684e-02
3.569999999999999840e+00 3.549999999999999684e-02
3.580000000000000071e+00 3.509999999999999926e-02
3.589999999999999858e+00 3.819999999999999785e-02
3.600000000000000089e+00 3.679999999999999938e-02
3.609999999999999876e+00 3.599999999999999728e-02
3.620000000000000107e+00 3.769999999999999740e-02
3.629999999999999893e+00 3.729999999999999982e-02
3.640000000000000124e+00 3.280000000000000276e-02
3.649999999999999911e+00 3.729999999999999982e-02
3.660000000000000142e+00 3.679999999999999938e-02
3.669999999999999929e+00 3.729999999999999982e-02
3.680000000000000160e+00 3.420000000000000123e-02
3.689999999999999947e+00 4.039999999999999841e-02
3.700000000000000178e+00 3.679999999999999938e-02
3.709999999999999964e+00 4.000000000000000083e-02
3.720000000000000195e+00 3.729999999999999982e-02
3.729999999999999982e+00 3.640000000000000180e-02
3.740000000000000213e+00 3.599999999999999728e-02
3.750000000000000000e+00 3.679999999999999938e-02
3.759999999999999787e+00 3.599999999999999728e-02
3.770000000000000018e+00 3.860000000000000236e-02
3.779999999999999805e+00 3.509999999999999926e-02
3.790000000000000036e+00 3.860000000000000236e-02
3.799999999999999822e+00 3.549999999999999684e-02
3.810000000000000053e+00 3.640000000000000180e-02
3.819999999999999840e+00 4.039999999999999841e-02
3.830000000000000071e+00 3.729999999999999982e-02
3.839999999999999858e+00 3.549999999999999684e-02
3.850000000000000089e+00 3.459999999999999881e-02
3.859999999999999876e+00 3.599999999999999728e-02
3.870000000000000107e+00 3.599999999999999728e-02
3.879999999999999893e+00 3.640000000000000180e-02
3.890000000000000124e+00 3.599999999999999728e-02
3.899999999999999911e+00 3.950000000000000039e-02
3.910000000000000142e+00 3.769999999999999740e-02
3.919999999999999929e+00 3.729999999999999982e-02
3.930000000000000160e+00 3.640000000000000180e-02
3.939999999999999947e+00 3.509999999999999926e-02
3.950000000000000178e+00 3.910000000000000281e-02
3.959999999999999964e+00 3.819999999999999785e-02
3.970000000000000195e+00 3.729999999999999982e-02
3.979999999999999982e+00 3.459999999999999881e-02
3.990000000000000213e+00 3.729999999999999982e-02
4.000000000000000000e+00 3.729999999999999982e-02
4.009999999999999787e+00 3.509999999999999926e-02
4.019999999999999574e+00 3.679999999999999938e-02
4.030000000000000249e+00 3.679999999999999938e-02
4.040000000000000036e+00 3.679999999999999938e-02
4.049999999999999822e+00 3.459999999999999881e-02
4.059999999999999609e+00 3.549999999999999684e-02
4.070000000000000284e+00 3.549999999999999684e-02
4.080000000000000071e+00 3.950000000000000039e-02
4.089999999999999858e+00 3.640000000000000180e-02
4.099999999999999645e+00 3.679999999999999938e-02
4.110000000000000320e+00 3.459999999999999881e-02
4.120000000000000107e+00 4.039999999999999841e-02
4.129999999999999893e+00 3.459999999999999881e-02
4.139999999999999680e+00 3.679999999999999938e-02
4.150000000000000355e+00 3.549999999999999684e-02
4.160000000000000142e+00 3.950000000000000039e-02
4.169999999999999929e+00 3.640000000000000180e-02
4.179999999999999716e+00 3.549999999999999684e-02
4.190000000000000391e+00 3.819999999999999785e-02
4.200000000000000178e+00 3.860000000000000236e-02
4.209999999999999964e+00 3.239999999999999825e-02
4.219999999999999751e+00 3.509999999999999926e-02
4.230000000000000426e+00 3.640000000000000180e-02
4.240000000000000213e+00 3.599999999999999728e-02
4.250000000000000000e+00 3.679999999999999938e-02
4.259999999999999787e+00 3.640000000000000180e-02
4.269999999999999574e+00 3.420000000000000123e-02
4.280000000000000249e+00 3.679999999999999938e-02
4.290000000000000036e+00 3.910000000000000281e-02
4.299999999999999822e+00 3.819999999999999785e-02
4.309999999999999609e+00 3.860000000000000236e-02
4.320000000000000284e+00 3.729999999999999982e-02
4.330000000000000071e+00 3.679999999999999938e-02
4.339999999999999858e+00 3.729999999999999982e-02
4.349999999999999645e+00 3.729999999999999982e-02
4.360000000000000320e+00 3.549999999999999684e-02
4.370000000000000107e+00 3.910000000000000281e-02
4.379999999999999893e+00 3.640000000000000180e-02
4.389999999999999680e+00 3.509999999999999926e-02
4.400000000000000355e+00 3.679999999999999938e-02
4.410000000000000142e+00 3.599999999999999728e-02
4.419999999999999929e+00 3.640000000000000180e-02
4.429999999999999716e+00 3.729999999999999982e-02
4.440000000000000391e+00 3.860000000000000236e-02
4.450000000000000178e+00 3.819999999999999785e-02
4.459999999999999964e+00 3.599999999999999728e-02
4.469999999999999751e+00 3.679999999999999938e-02
4.480000000000000426e+00 3.420000000000000123e-02
4.490000000000000213e+00 3.769999999999999740e-02
4.500000000000000000e+00 3.640000000000000180e-02
4.509999999999999787e+00 4.039999999999999841e-02
4.519999999999999574e+00 3.950000000000000039e-02
4.530000000000000249e+00 3.729999999999999982e-02
4.540000000000000036e+00 3.729999999999999982e-02
4.549999999999999822e+00 3.549999999999999684e-02
4.559999999999999609e+00 3.509999999999999926e-02
4.570000000000000284e+00 3.509999999999999926e-02
4.580000000000000071e+00 3.640000000000000180e-02
4.589999999999999858e+00 3.819999999999999785e-02
4.599999999999999645e+00 3.860000000000000236e-02
4.610000000000000320e+00 3.729999999999999982e-02
4.620000000000000107e+00 3.679999999999999938e-02
4.629999999999999893e+00 3.860000000000000236e-02
4.639999999999999680e+00 3.729999999999999982e-02
4.650000000000000355e+00 3.729999999999999982e-02
4.660000000000000142e+00 3.640000000000000180e-02
4.669999999999999929e+00 3.950000000000000039e-02
4.679999999999999716e+00 3.910000000000000281e-02
4.690000000000000391e+00 3.729999999999999982e-02
4.700000000000000178e+00 3.679999999999999938e-02
4.709999999999999964e+00 3.819999999999999785e-02
4.719999999999999751e+00 3.640000000000000180e-02
4.730000000000000426e+00 3.769999999999999740e-02
4.740000000000000213e+00 3.599999999999999728e-02
4.750000000000000000e+00 3.549999999999999684e-02
4.759999999999999787e+00 4.000000000000000083e-02
4.769999999999999574e+00 4.039999999999999841e-02
4.780000000000000249e+00 3.640000000000000180e-02
4.790000000000000036e+00 3.910000000000000281e-02
4.799999999999999822e+00 3.910000000000000281e-02
4.809999999999999609e+00 3.769999999999999740e-02
4.820000000000000284e+00 3.860000000000000236e-02
4.830000000000000071e+00 3.549999999999999684e-02
4.839999999999999858e+00 3.599999999999999728e-02
4.849999999999999645e+00 4.000000000000000083e-02
4.860000000000000320e+00 3.910000000000000281e-02
4.870000000000000107e+00 3.819999999999999785e-02
4.879999999999999893e+00 4.000000000000000083e-02
4.889999999999999680e+00 3.549999999999999684e-02
4.900000000000000355e+00 3.950000000000000039e-02
4.910000000000000142e+00 3.679999999999999938e-02
4.919999999999999929e+00 3.950000000000000039e-02
4.929999999999999716e+00 3.459999999999999881e-02
4.940000000000000391e+00 3.729999999999999982e-02
4.950000000000000178e+00 3.729999999999999982e-02
4.959999999999999964e+00 3.819999999999999785e-02
4.969999999999999751e+00 3.549999999999999684e-02
4.980000000000000426e+00 3.950000000000000039e-02
4.990000000000000213e+00 3.910000000000000281e-02
5.000000000000000000e+00 3.819999999999999785e-02
5.009999999999999787e+00 3.769999999999999740e-02
5.019999999999999574e+00 3.860000000000000236e-02
5.030000000000000249e+00 3.769999999999999740e-02
5.040000000000000036e+00 3.769999999999999740e-02
5.049999999999999822e+00 3.860000000000000236e-02
5.059999999999999609e+00 3.819999999999999785e-02
5.070000000000000284e+00 3.509999999999999926e-02
5.080000000000000071e+00 3.769999999999999740e-02
5.089999999999999858e+00 3.640000000000000180e-02
5.099999999999999645e+00 3.950000000000000039e-02
5.110000000000000320e+00 3.509999999999999926e-02
5.120000000000000107e+00 3.729999999999999982e-02
5.129999999999999893e+00 3.950000000000000039e-02
5.139999999999999680e+00 3.769999999999999740e-02
5.150000000000000355e+00 4.000000000000000083e-02
5.160000000000000142e+00 3.640000000000000180e-02
5.169999999999999929e+00 3.819999999999999785e-02
5.179999999999999716e+00 3.599999999999999728e-02
5.190000000000000391e+00 3.910000000000000281e-02
5.200000000000000178e+00 3.640000000000000180e-02
5.209999999999999964e+00 4.080000000000000293e-02
5.219999999999999751e+00 3.729999999999999982e-02
5.230000000000000426e+00 3.729999999999999982e-02
5.240000000000000213e+00 3.819999999999999785e-02
5.250000000000000000e+00 3.769999999999999740e-02
5.259999999999999787e+00 4.039999999999999841e-02
5.269999999999999574e+00 3.679999999999999938e-02
5.280000000000000249e+00 4.080000000000000293e-02
5.290000000000000036e+00 4.259999999999999898e-02
5.299999999999999822e+00 3.599999999999999728e-02
5.309999999999999609e+00 3.640000000000000180e-02
5.320000000000000284e+00 3.509999999999999926e-02
5.330000000000000071e+00 3.330000000000000321e-02
5.339999999999999858e+00 3.860000000000000236e-02
5.349999999999999645e+00 3.679999999999999938e-02
5.360000000000000320e+00 3.370000000000000079e-02
5.370000000000000107e+00 3.109999999999999917e-02
5.379999999999999893e+00 3.819999999999999785e-02
5.389999999999999680e+00 3.420000000000000123e-02
5.400000000000000355e+00 3.509999999999999926e-02
5.410000000000000142e+00 3.729999999999999982e-02
5.419999999999999929e+00 3.640000000000000180e-02
5.429999999999999716e+00 3.640000000000000180e-02
5.440000000000000391e+00 3.509999999999999926e-02
5.450000000000000178e+00 3.509999999999999926e-02
5.459999999999999964e+00 4.039999999999999841e-02
5.469999999999999751e+00 3.459999999999999881e-02
5.480000000000000426e+00 3.420000000000000123e-02
5.490000000000000213e+00 3.599999999999999728e-02
5.500000000000000000e+00 3.599999999999999728e-02
5.509999999999999787e+00 3.459999999999999881e-02
5.519999999999999574e+00 3.280000000000000276e-02
5.530000000000000249e+00 3.370000000000000079e-02
5.540000000000000036e+00 3.330000000000000321e-02
5.549999999999999822e+00 3.370000000000000079e-02
5.559999999999999609e+00 3.420000000000000123e-02
5.570000000000000284e+00 3.370000000000000079e-02
5.580000000000000071e+00 3.459999999999999881e-02
5.589999999999999858e+00 3.280000000000000276e-02
5.599999999999999645e+00 3.459999999999999881e-02
5.610000000000000320e+00 3.640000000000000180e-02
5.620000000000000107e+00 3.599999999999999728e-02
5.629999999999999893e+00 3.330000000000000321e-02
5.639999999999999680e+00 3.679999999999999938e-02
5.650000000000000355e+00 3.679999999999999938e-02
5.660000000000000142e+00 3.599999999999999728e-02
5.669999999999999929e+00 3.509999999999999926e-02
5.679999999999999716e+00 3.420000000000000123e-02
5.690000000000000391e+00 3.459999999999999881e-02
5.700000000000000178e+00 3.280000000000000276e-02
5.709999999999999964e+00 3.420000000000000123e-02
5.719999999999999751e+00 3.370000000000000079e-02
5.730000000000000426e+00 3.459999999999999881e-02
5.740000000000000213e+00 3.509999999999999926e-02
5.750000000000000000e+00 3.239999999999999825e-02
5.759999999999999787e+00 3.549999999999999684e-02
5.769999999999999574e+00 3.280000000000000276e-02
5.780000000000000249e+00 3.370000000000000079e-02
5.790000000000000036e+00 3.150000000000000022e-02
5.799999999999999822e+00 2.929999999999999966e-02
5.809999999999999609e+00 2.529999999999999957e-02
5.820000000000000284e+00 2.570000000000000062e-02
5.830000000000000071e+00 2.040000000000000147e-02
5.839999999999999858e+00 2.350000000000000006e-02
5.849999999999999645e+00 2.259999999999999856e-02
5.860000000000000320e+00 1.949999999999999997e-02
5.870000000000000107e+00 2.129999999999999949e-02
5.879999999999999893e+00 2.089999999999999844e-02
5.889999999999999680e+00 1.820000000000000090e-02
5.900000000000000355e+00 1.859999999999999848e-02
5.910000000000000142e+00 1.729999999999999941e-02
5.919999999999999929e+00 1.909999999999999892e-02
5.929999999999999716e+00 2.000000000000000042e-02
5.940000000000000391e+00 1.820000000000000090e-02
5.950000000000000178e+00 1.689999999999999836e-02
5.959999999999999964e+00 1.549999999999999989e-02
5.969999999999999751e+00 1.329999999999999932e-02
5.980000000000000426e+00 1.420000000000000082e-02
5.990000000000000213e+00 1.420000000000000082e-02
6.000000000000000000e+00 1.239999999999999956e-02
6.009999999999999787e+00 1.149999999999999981e-02
6.019999999999999574e+00 9.799999999999999684e-03
6.030000000000000249e+00 1.069999999999999944e-02
6.040000000000000036e+00 8.899999999999999925e-03
6.049999999999999822e+00 9.799999999999999684e-03
6.059999999999999609e+00 8.899999999999999925e-03
6.070000000000000284e+00 8.000000000000000167e-03
6.080000000000000071e+00 9.799999999999999684e-03
6.089999999999999858e+00 6.700000000000000226e-03
6.099999999999999645e+00 7.100000000000000408e-03
6.110000000000000320e+00 9.299999999999999239e-03
6.120000000000000107e+00 7.100000000000000408e-03
6.129999999999999893e+00 5.300000000000000024e-03
6.139999999999999680e+00 5.799999999999999600e-03
6.150000000000000355e+00 7.100000000000000408e-03
6.160000000000000142e+00 5.300000000000000024e-03
6.169999999999999929e+00 6.199999999999999782e-03
6.179999999999999716e+00 4.899999999999999842e-03
6.190000000000000391e+00 4.400000000000000265e-03
6.200000000000000178e+00 5.799999999999999600e-03
6.209999999999999964e+00 4.000000000000000083e-03
6.219999999999999751e+00 6.199999999999999782e-03
6.230000000000000426e+00 6.199999999999999782e-03
6.240000000000000213e+00 5.300000000000000024e-03
6.250000000000000000e+00 4.400000000000000265e-03
6.259999999999999787e+00 4.899999999999999842e-03
6.269999999999999574e+00 4.400000000000000265e-03
6.280000000000000249e+00 4.000000000000000083e-03
6.290000000000000036e+00 7.100000000000000408e-03
6.299999999999999822e+00 7.499999999999999722e-03
6.309999999999999609e+00 7.499999999999999722e-03
6.320000000000000284e+00 1.069999999999999944e-02
6.330000000000000071e+00 1.239999999999999956e-02
6.339999999999999858e+00 1.689999999999999836e-02
6.349999999999999645e+00 2.179999999999999993e-02
6.360000000000000320e+00 2.620000000000000107e-02
6.370000000000000107e+00 2.800000000000000058e-02
6.379999999999999893e+00 3.679999999999999938e-02
6.389999999999999680e+00 7.320000000000000118e-02
6.400000000000000355e+00 7.409999999999999920e-02
6.410000000000000142e+00 5.949999999999999734e-02
6.419999999999999929e+00 4.750000000000000056e-02
6.429999999999999716e+00 4.259999999999999898e-02
6.440000000000000391e+00 4.130000000000000338e-02
6.450000000000000178e+00 4.309999999999999942e-02
6.459999999999999964e+00 4.529999999999999999e-02
6.469999999999999751e+00 4.440000000000000197e-02
6.480000000000000426e+00 3.679999999999999938e-02
6.490000000000000213e+00 3.239999999999999825e-02
6.500000000000000000e+00 2.489999999999999852e-02
6.509999999999999787e+00 1.859999999999999848e-02
6.519999999999999574e+00 1.689999999999999836e-02
6.530000000000000249e+00 1.779999999999999985e-02
6.540000000000000036e+00 1.200000000000000025e-02
6.549999999999999822e+00 1.239999999999999956e-02
6.559999999999999609e+00 1.069999999999999944e-02
6.570000000000000284e+00 7.499999999999999722e-03
6.580000000000000071e+00 9.299999999999999239e-03
6.589999999999999858e+00 6.700000000000000226e-03
6.599999999999999645e+00 5.799999999999999600e-03
6.610000000000000320e+00 4.000000000000000083e-03
6.620000000000000107e+00 4.400000000000000265e-03
6.629999999999999893e+00 3.599999999999999901e-03
6.639999999999999680e+00 3.099999999999999891e-03
6.650000000000000355e+00 3.099999999999999891e-03
6.660000000000000142e+00 2.700000000000000143e-03
6.669999999999999929e+00 1.299999999999999940e-03
6.679999999999999716e+00 1.299999999999999940e-03
6.690000000000000391e+00 4.000000000000000192e-04
6.700000000000000178e+00 8.999999999999999754e-04
6.709999999999999964e+00 4.000000000000000192e-04
6.719999999999999751e+00 8.999999999999999754e-04
6.730000000000000426e+00 4.000000000000000192e-04
6.740000000000000213e+00 4.000000000000000192e-04
6.750000000000000000e+00 8.999999999999999754e-04
6.759999999999999787e+00 8.999999999999999754e-04
6.769999999999999574e+00 4.000000000000000192e-04
6.780000000000000249e+00 4.000000000000000192e-04
6.790000000000000036e+00 8.999999999999999754e-04
6.799999999999999822e+00 0.000000000000000000e+00
6.809999999999999609e+00 4.000000000000000192e-04
6.820000000000000284e+00 0.000000000000000000e+00
6.830000000000000071e+00 -4.000000000000000192e-04
6.839999999999999858e+00 0.000000000000000000e+00
6.849999999999999645e+00 4.000000000000000192e-04
6.860000000000000320e+00 0.000000000000000000e+00
6.870000000000000107e+00 -8.999999999999999754e-04
6.879999999999999893e+00 -8.999999999999999754e-04
6.889999999999999680e+00 0.000000000000000000e+00
6.900000000000000355e+00 0.000000000000000000e+00
6.910000000000000142e+00 -4.000000000000000192e-04
6.919999999999999929e+00 0.000000000000000000e+00
6.929999999999999716e+00 4.000000000000000192e-04
6.940000000000000391e+00 4.000000000000000192e-04
6.950000000000000178e+00 -4.000000000000000192e-04
6.959999999999999964e+00 0.000000000000000000e+00
6.969999999999999751e+00 0.000000000000000000e+00
6.980000000000000426e+00 0.000000000000000000e+00
6.990000000000000213e+00 0.000000000000000000e+00
7.000000000000000000e+00 0.000000000000000000e+00
7.009999999999999787e+00 0.000000000000000000e+00
7.019999999999999574e+00 0.000000000000000000e+00
7.030000000000000249e+00 0.000000000000000000e+00
7.040000000000000036e+00 0.000000000000000000e+00
7.049999999999999822e+00 4.000000000000000192e-04
7.059999999999999609e+00 -4.000000000000000192e-04
7.070000000000000284e+00 0.000000000000000000e+00
7.080000000000000071e+00 0.000000000000000000e+00
7.089999999999999858e+00 0.000000000000000000e+00
7.099999999999999645e+00 0.000000000000000000e+00
7.110000000000000320e+00 0.000000000000000000e+00
7.120000000000000107e+00 0.000000000000000000e+00
7.129999999999999893e+00 0.000000000000000000e+00
7.139999999999999680e+00 0.000000000000000000e+00
7.150000000000000355e+00 0.000000000000000000e+00
7.160000000000000142e+00 -4.000000000000000192e-04
7.169999999999999929e+00 -4.000000000000000192e-04
7.179999999999999716e+00 0.000000000000000000e+00
7.190000000000000391e+00 4.000000000000000192e-04
7.200000000000000178e+00 0.000000000000000000e+00
7.209999999999999964e+00 0.000000000000000000e+00
7.219999999999999751e+00 0.000000000000000000e+00
7.230000000000000426e+00 0.000000000000000000e+00
7.240000000000000213e+00 -4.000000000000000192e-04
7.250000000000000000e+00 -4.000000000000000192e-04
7.259999999999999787e+00 0.000000000000000000e+00
7.269999999999999574e+00 0.000000000000000000e+00
7.280000000000000249e+00 4.000000000000000192e-04
7.290000000000000036e+00 4.000000000000000192e-04
7.299999999999999822e+00 0.000000000000000000e+00
7.309999999999999609e+00 4.000000000000000192e-04
7.320000000000000284e+00 0.000000000000000000e+00
7.330000000000000071e+00 -4.000000000000000192e-04
7.339999999999999858e+00 0.000000000000000000e+00
7.349999999999999645e+00 4.000000000000000192e-04
7.360000000000000320e+00 4.000000000000000192e-04
7.370000000000000107e+00 0.000000000000000000e+00
7.379999999999999893e+00 4.000000000000000192e-04
7.389999999999999680e+00 0.000000000000000000e+00
7.400000000000000355e+00 0.000000000000000000e+00
7.410000000000000142e+00 0.000000000000000000e+00
7.419999999999999929e+00 0.000000000000000000e+00
7.429999999999999716e+00 0.000000000000000000e+00
7.440000000000000391e+00 0.000000000000000000e+00
7.450000000000000178e+00 0.000000000000000000e+00
7.459999999999999964e+00 0.000000000000000000e+00
7.469999999999999751e+00 4.000000000000000192e-04
7.480000000000000426e+00 0.000000000000000000e+00
7.490000000000000213e+00 0.000000000000000000e+00
7.500000000000000000e+00 0.000000000000000000e+00
7.509999999999999787e+00 -4.000000000000000192e-04
7.519999999999999574e+00 0.000000000000000000e+00
7.530000000000000249e+00 0.000000000000000000e+00
7.540000000000000036e+00 0.000000000000000000e+00
7.549999999999999822e+00 -4.000000000000000192e-04
7.559999999999999609e+00 -4.000000000000000192e-04
7.570000000000000284e+00 -4.000000000000000192e-04
7.580000000000000071e+00 0.000000000000000000e+00
7.589999999999999858e+00 -4.000000000000000192e-04
7.599999999999999645e+00 -4.000000000000000192e-04
7.610000000000000320e+00 0.000000000000000000e+00
7.620000000000000107e+00 0.000000000000000000e+00
7.629999999999999893e+00 0.000000000000000000e+00
7.639999999999999680e+00 0.000000000000000000e+00
7.650000000000000355e+00 0.000000000000000000e+00
7.660000000000000142e+00 0.000000000000000000e+00
7.669999999999999929e+00 0.000000000000000000e+00
7.679999999999999716e+00 0.000000000000000000e+00
7.690000000000000391e+00 0.000000000000000000e+00
7.700000000000000178e+00 0.000000000000000000e+00
7.709999999999999964e+00 0.000000000000000000e+00
7.719999999999999751e+00 0.000000000000000000e+00
7.730000000000000426e+00 0.000000000000000000e+00
7.740000000000000213e+00 0.000000000000000000e+00
7.750000000000000000e+00 0.000000000000000000e+00
7.759999999999999787e+00 4.000000000000000192e-04
7.769999999999999574e+00 0.000000000000000000e+00
7.780000000000000249e+00 0.000000000000000000e+00
7.790000000000000036e+00 0.000000000000000000e+00
7.799999999999999822e+00 0.000000000000000000e+00
7.809999999999999609e+00 0.000000000000000000e+00
7.820000000000000284e+00 0.000000000000000000e+00
7.830000000000000071e+00 0.000000000000000000e+00
7.839999999999999858e+00 4.000000000000000192e-04
7.849999999999999645e+00 0.000000000000000000e+00
7.860000000000000320e+00 4.000000000000000192e-04
7.870000000000000107e+00 -4.000000000000000192e-04
7.879999999999999893e+00 0.000000000000000000e+00
7.889999999999999680e+00 0.000000000000000000e+00
7.900000000000000355e+00 0.000000000000000000e+00
7.910000000000000142e+00 0.000000000000000000e+00
7.919999999999999929e+00 -4.000000000000000192e-04
7.929999999999999716e+00 0.000000000000000000e+00
7.940000000000000391e+00 0.000000000000000000e+00
7.950000000000000178e+00 0.000000000000000000e+00
7.959999999999999964e+00 -4.000000000000000192e-04
7.969999999999999751e+00 0.000000000000000000e+00
7.980000000000000426e+00 0.000000000000000000e+00
7.990000000000000213e+00 4.000000000000000192e-04
8.000000000000000000e+00 0.000000000000000000e+00
8.009999999999999787e+00 4.000000000000000192e-04
8.019999999999999574e+00 0.000000000000000000e+00
8.029999999999999361e+00 0.000000000000000000e+00
8.039999999999999147e+00 0.000000000000000000e+00
8.050000000000000711e+00 0.000000000000000000e+00
8.060000000000000497e+00 -4.000000000000000192e-04
8.070000000000000284e+00 0.000000000000000000e+00
8.080000000000000071e+00 -4.000000000000000192e-04
8.089999999999999858e+00 -4.000000000000000192e-04
8.099999999999999645e+00 -4.000000000000000192e-04
8.109999999999999432e+00 -4.000000000000000192e-04
8.119999999999999218e+00 0.000000000000000000e+00
8.130000000000000782e+00 0.000000000000000000e+00
8.140000000000000568e+00 0.000000000000000000e+00
8.150000000000000355e+00 0.000000000000000000e+00
8.160000000000000142e+00 0.000000000000000000e+00
8.169999999999999929e+00 -4.000000000000000192e-04
8.179999999999999716e+00 0.000000000000000000e+00
8.189999999999999503e+00 -4.000000000000000192e-04
8.199999999999999289e+00 0.000000000000000000e+00
8.210000000000000853e+00 0.000000000000000000e+00
8.220000000000000639e+00 -4.000000000000000192e-04
8.230000000000000426e+00 0.000000000000000000e+00
8.240000000000000213e+00 -4.000000000000000192e-04
8.250000000000000000e+00 0.000000000000000000e+00
8.259999999999999787e+00 0.000000000000000000e+00
8.269999999999999574e+00 0.000000000000000000e+00
8.279999999999999361e+00 -4.000000000000000192e-04
8.289999999999999147e+00 4.000000000000000192e-04
8.300000000000000711e+00 0.000000000000000000e+00
8.310000000000000497e+00 0.000000000000000000e+00
8.320000000000000284e+00 0.000000000000000000e+00
8.330000000000000071e+00 0.000000000000000000e+00
8.339999999999999858e+00 4.000000000000000192e-04
8.349999999999999645e+00 0.000000000000000000e+00
8.359999999999999432e+00 0.000000000000000000e+00
8.369999999999999218e+00 0.000000000000000000e+00
8.380000000000000782e+00 0.000000000000000000e+00
8.390000000000000568e+00 0.000000000000000000e+00
8.400000000000000355e+00 0.000000000000000000e+00
8.410000000000000142e+00 -8.999999999999999754e-04
8.419999999999999929e+00 4.000000000000000192e-04
8.429999999999999716e+00 0.000000000000000000e+00
8.439999999999999503e+00 0.000000000000000000e+00
8.449999999999999289e+00 0.000000000000000000e+00
8.460000000000000853e+00 0.000000000000000000e+00
8.470000000000000639e+00 0.000000000000000000e+00
8.480000000000000426e+00 0.000000000000000000e+00
8.490000000000000213e+00 0.000000000000000000e+00
8.500000000000000000e+00 0.000000000000000000e+00
8.509999999999999787e+00 0.000000000000000000e+00
8.519999999999999574e+00 0.000000000000000000e+00
8.529999999999999361e+00 -4.000000000000000192e-04
8.539999999999999147e+00 0.000000000000000000e+00
8.550000000000000711e+00 0.000000000000000000e+00
8.560000000000000497e+00 0.000000000000000000e+00
8.570000000000000284e+00 0.000000000000000000e+00
8.580000000000000071e+00 -4.000000000000000192e-04
8.589999999999999858e+00 0.000000000000000000e+00
8.599999999999999645e+00 -4.000000000000000192e-04
8.609999999999999432e+00 0.000000000000000000e+00
8.619999999999999218e+00 0.000000000000000000e+00
8.630000000000000782e+00 0.000000000000000000e+00
8.640000000000000568e+00 0.000000000000000000e+00
8.650000000000000355e+00 0.000000000000000000e+00
8.660000000000000142e+00 0.000000000000000000e+00
8.669999999999999929e+00 8.999999999999999754e-04
8.679999999999999716e+00 0.000000000000000000e+00
8.689999999999999503e+00 -4.000000000000000192e-04
8.699999999999999289e+00 0.000000000000000000e+00
8.710000000000000853e+00 0.000000000000000000e+00
8.720000000000000639e+00 0.000000000000000000e+00
8.730000000000000426e+00 0.000000000000000000e+00
8.740000000000000213e+00 4.000000000000000192e-04
8.750000000000000000e+00 0.000000000000000000e+00
8.759999999999999787e+00 0.000000000000000000e+00
8.769999999999999574e+00 0.000000000000000000e+00
8.779999999999999361e+00 0.000000000000000000e+00
8.789999999999999147e+00 4.000000000000000192e-04
8.800000000000000711e+00 0.000000000000000000e+00
8.810000000000000497e+00 0.000000000000000000e+00
8.820000000000000284e+00 0.000000000000000000e+00
8.830000000000000071e+00 0.000000000000000000e+00
8.839999999999999858e+00 0.000000000000000000e+00
8.849999999999999645e+00 0.000000000000000000e+00
8.859999999999999432e+00 0.000000000000000000e+00
8.869999999999999218e+00 0.000000000000000000e+00
8.880000000000000782e+00 0.000000000000000000e+00
8.890000000000000568e+00 0.000000000000000000e+00
8.900000000000000355e+00 0.000000000000000000e+00
8.910000000000000142e+00 0.000000000000000000e+00
8.919999999999999929e+00 -4.000000000000000192e-04
8.929999999999999716e+00 -4.000000000000000192e-04
8.939999999999999503e+00 0.000000000000000000e+00
8.949999999999999289e+00 4.000000000000000192e-04
8.960000000000000853e+00 0.000000000000000000e+00
8.970000000000000639e+00 0.000000000000000000e+00
8.980000000000000426e+00 0.000000000000000000e+00
8.990000000000000213e+00 0.000000000000000000e+00
9.000000000000000000e+00 0.000000000000000000e+00
9.009999999999999787e+00 0.000000000000000000e+00
9.019999999999999574e+00 0.000000000000000000e+00
9.029999999999999361e+00 0.000000000000000000e+00
9.039999999999999147e+00 0.000000000000000000e+00
9.050000000000000711e+00 -8.999999999999999754e-04
9.060000000000000497e+00 0.000000000000000000e+00
9.070000000000000284e+00 0.000000000000000000e+00
9.080000000000000071e+00 0.000000000000000000e+00
9.089999999999999858e+00 0.000000000000000000e+00
9.099999999999999645e+00 0.000000000000000000e+00
9.109999999999999432e+00 0.000000000000000000e+00
9.119999999999999218e+00 0.000000000000000000e+00
9.130000000000000782e+00 0.000000000000000000e+00
9.140000000000000568e+00 0.000000000000000000e+00
9.150000000000000355e+00 0.000000000000000000e+00
9.160000000000000142e+00 -4.000000000000000192e-04
9.169999999999999929e+00 0.000000000000000000e+00
9.179999999999999716e+00 0.000000000000000000e+00
9.189999999999999503e+00 -4.000000000000000192e-04
9.199999999999999289e+00 4.000000000000000192e-04
9.210000000000000853e+00 0.000000000000000000e+00
9.220000000000000639e+00 0.000000000000000000e+00
9.230000000000000426e+00 -4.000000000000000192e-04
9.240000000000000213e+00 0.000000000000000000e+00
9.250000000000000000e+00 0.000000000000000000e+00
9.259999999999999787e+00 0.000000000000000000e+00
9.269999999999999574e+00 0.000000000000000000e+00
9.279999999999999361e+00 0.000000000000000000e+00
9.289999999999999147e+00 0.000000000000000000e+00
9.300000000000000711e+00 0.000000000000000000e+00
9.310000000000000497e+00 0.000000000000000000e+00
9.320000000000000284e+00 -4.000000000000000192e-04
9.330000000000000071e+00 0.000000000000000000e+00
9.339999999999999858e+00 -4.000000000000000192e-04
9.349999999999999645e+00 0.000000000000000000e+00
9.359999999999999432e+00 0.000000000000000000e+00
9.369999999999999218e+00 4.000000000000000192e-04
9.380000000000000782e+00 -4.000000000000000192e-04
9.390000000000000568e+00 0.000000000000000000e+00
9.400000000000000355e+00 -4.000000000000000192e-04
9.410000000000000142e+00 0.000000000000000000e+00
9.419999999999999929e+00 0.000000000000000000e+00
9.429999999999999716e+00 0.000000000000000000e+00
9.439999999999999503e+00 0.000000000000000000e+00
9.449999999999999289e+00 0.000000000000000000e+00
9.460000000000000853e+00 0.000000000000000000e+00
9.470000000000000639e+00 0.000000000000000000e+00
9.480000000000000426e+00 0.000000000000000000e+00
9.490000000000000213e+00 0.000000000000000000e+00
9.500000000000000000e+00 0.000000000000000000e+00
9.509999999999999787e+00 0.000000000000000000e+00
9.519999999999999574e+00 0.000000000000000000e+00
9.529999999999999361e+00 0.000000000000000000e+00
9.539999999999999147e+00 0.000000000000000000e+00
9.550000000000000711e+00 0.000000000000000000e+00
9.560000000000000497e+00 0.000000000000000000e+00
9.570000000000000284e+00 4.000000000000000192e-04
9.580000000000000071e+00 0.000000000000000000e+00
9.589999999999999858e+00 -4.000000000000000192e-04
9.599999999999999645e+00 0.000000000000000000e+00
9.609999999999999432e+00 0.000000000000000000e+00
9.619999999999999218e+00 0.000000000000000000e+00
9.630000000000000782e+00 0.000000000000000000e+00
9.640000000000000568e+00 0.000000000000000000e+00
9.650000000000000355e+00 -4.000000000000000192e-04
9.660000000000000142e+00 0.000000000000000000e+00
9.669999999999999929e+00 0.000000000000000000e+00
9.679999999999999716e+00 0.000000000000000000e+00
9.689999999999999503e+00 4.000000000000000192e-04
9.699999999999999289e+00 0.000000000000000000e+00
9.710000000000000853e+00 0.000000000000000000e+00
9.720000000000000639e+00 0.000000000000000000e+00
9.730000000000000426e+00 4.000000000000000192e-04
9.740000000000000213e+00 0.000000000000000000e+00
9.750000000000000000e+00 0.000000000000000000e+00
9.759999999999999787e+00 0.000000000000000000e+00
9.769999999999999574e+00 0.000000000000000000e+00
9.779999999999999361e+00 0.000000000000000000e+00
9.789999999999999147e+00 0.000000000000000000e+00
9.800000000000000711e+00 0.000000000000000000e+00
9.810000000000000497e+00 0.000000000000000000e+00
9.820000000000000284e+00 4.000000000000000192e-04
9.830000000000000071e+00 0.000000000000000000e+00
9.839999999999999858e+00 0.000000000000000000e+00
9.849999999999999645e+00 0.000000000000000000e+00
9.859999999999999432e+00 0.000000000000000000e+00
9.869999999999999218e+00 -4.000000000000000192e-04
9.880000000000000782e+00 0.000000000000000000e+00
9.890000000000000568e+00 0.000000000000000000e+00
9.900000000000000355e+00 0.000000000000000000e+00
9.910000000000000142e+00 -4.000000000000000192e-04
9.919999999999999929e+00 0.000000000000000000e+00
9.929999999999999716e+00 0.000000000000000000e+00
9.939999999999999503e+00 0.000000000000000000e+00
9.949999999999999289e+00 0.000000000000000000e+00
9.960000000000000853e+00 0.000000000000000000e+00
9.970000000000000639e+00 0.000000000000000000e+00
9.980000000000000426e+00 0.000000000000000000e+00
9.990000000000000213e+00 0.000000000000000000e+00
1.000000000000000000e+01 0.000000000000000000e+00
1.000999999999999979e+01 0.000000000000000000e+00
1.001999999999999957e+01 4.000000000000000192e-04
1.002999999999999936e+01 0.000000000000000000e+00
1.003999999999999915e+01 0.000000000000000000e+00
1.005000000000000071e+01 0.000000000000000000e+00
1.006000000000000050e+01 0.000000000000000000e+00
1.007000000000000028e+01 -4.000000000000000192e-04
1.008000000000000007e+01 0.000000000000000000e+00
1.008999999999999986e+01 0.000000000000000000e+00
1.009999999999999964e+01 0.000000000000000000e+00
1.010999999999999943e+01 -4.000000000000000192e-04
1.011999999999999922e+01 0.000000000000000000e+00
1.013000000000000078e+01 0.000000000000000000e+00
1.014000000000000057e+01 0.000000000000000000e+00
1.015000000000000036e+01 0.000000000000000000e+00
1.016000000000000014e+01 0.000000000000000000e+00
1.016999999999999993e+01 0.000000000000000000e+00
1.017999999999999972e+01 0.000000000000000000e+00
1.018999999999999950e+01 -4.000000000000000192e-04
1.019999999999999929e+01 0.000000000000000000e+00
1.021000000000000085e+01 0.000000000000000000e+00
1.022000000000000064e+01 0.000000000000000000e+00
1.023000000000000043e+01 0.000000000000000000e+00
1.024000000000000021e+01 0.000000000000000000e+00
1.025000000000000000e+01 0.000000000000000000e+00
1.025999999999999979e+01 0.000000000000000000e+00
1.026999999999999957e+01 0.000000000000000000e+00
1.027999999999999936e+01 0.000000000000000000e+00
1.028999999999999915e+01 0.000000000000000000e+00
1.030000000000000071e+01 -4.000000000000000192e-04
1.031000000000000050e+01 4.000000000000000192e-04
1.032000000000000028e+01 0.000000000000000000e+00
1.033000000000000007e+01 0.000000000000000000e+00
1.033999999999999986e+01 0.000000000000000000e+00
1.034999999999999964e+01 -4.000000000000000192e-04
1.035999999999999943e+01 0.000000000000000000e+00
1.036999999999999922e+01 0.000000000000000000e+00
1.038000000000000078e+01 0.000000000000000000e+00
1.039000000000000057e+01 0.000000000000000000e+00
1.040000000000000036e+01 -4.000000000000000192e-04
1.041000000000000014e+01 0.000000000000000000e+00
1.041999999999999993e+01 0.000000000000000000e+00
1.042999999999999972e+01 4.000000000000000192e-04
1.043999999999999950e+01 0.000000000000000000e+00
1.044999999999999929e+01 0.000000000000000000e+00
1.046000000000000085e+01 0.000000000000000000e+00
1.047000000000000064e+01 0.000000000000000000e+00
1.048000000000000043e+01 0.000000000000000000e+00
1.049000000000000021e+01 0.000000000000000000e+00
1.050000000000000000e+01 0.000000000000000000e+00
1.050999999999999979e+01 0.000000000000000000e+00
1.051999999999999957e+01 0.000000000000000000e+00
1.052999999999999936e+01 0.000000000000000000e+00
1.053999999999999915e+01 4.000000000000000192e-04
1.055000000000000071e+01 -4.000000000000000192e-04
1.056000000000000050e+01 0.000000000000000000e+00
1.057000000000000028e+01 0.000000000000000000e+00
1.058000000000000007e+01 0.000000000000000000e+00
1.058999999999999986e+01 0.000000000000000000e+00
1.059999999999999964e+01 0.000000000000000000e+00
1.060999999999999943e+01 0.000000000000000000e+00
1.061999999999999922e+01 0.000000000000000000e+00
1.063000000000000078e+01 0.000000000000000000e+00
1.064000000000000057e+01 0.000000000000000000e+00
1.065000000000000036e+01 0.000000000000000000e+00
1.066000000000000014e+01 4.000000000000000192e-04
1.066999999999999993e+01 0.000000000000000000e+00
1.067999999999999972e+01 0.000000000000000000e+00
1.068999999999999950e+01 0.000000000000000000e+00
1.069999999999999929e+01 -4.000000000000000192e-04
1.071000000000000085e+01 0.000000000000000000e+00
1.072000000000000064e+01 0.000000000000000000e+00
1.073000000000000043e+01 0.000000000000000000e+00
1.074000000000000021e+01 0.000000000000000000e+00
1.075000000000000000e+01 0.000000000000000000e+00
1.075999999999999979e+01 0.000000000000000000e+00
1.076999999999999957e+01 4.000000000000000192e-04
1.077999999999999936e+01 0.000000000000000000e+00
1.078999999999999915e+01 0.000000000000000000e+00
1.080000000000000071e+01 0.000000000000000000e+00
1.081000000000000050e+01 0.000000000000000000e+00
1.082000000000000028e+01 0.000000000000000000e+00
1.083000000000000007e+01 0.000000000000000000e+00
1.083999999999999986e+01 4.000000000000000192e-04
1.084999999999999964e+01 0.000000000000000000e+00
1.085999999999999943e+01 0.000000000000000000e+00
1.086999999999999922e+01 0.000000000000000000e+00
1.088000000000000078e+01 -4.000000000000000192e-04
1.089000000000000057e+01 -4.000000000000000192e-04
1.090000000000000036e+01 -4.000000000000000192e-04
1.091000000000000014e+01 0.000000000000000000e+00
1.091999999999999993e+01 0.000000000000000000e+00
1.092999999999999972e+01 0.000000000000000000e+00
1.093999999999999950e+01 0.000000000000000000e+00
1.094999999999999929e+01 0.000000000000000000e+00
1.096000000000000085e+01 0.000000000000000000e+00
1.097000000000000064e+01 0.000000000000000000e+00
1.098000000000000043e+01 0.000000000000000000e+00
1.099000000000000021e+01 4.000000000000000192e-04
1.100000000000000000e+01 0.000000000000000000e+00
1.100999999999999979e+01 0.000000000000000000e+00
1.101999999999999957e+01 0.000000000000000000e+00
1.102999999999999936e+01 0.000000000000000000e+00
1.103999999999999915e+01 4.000000000000000192e-04
1.105000000000000071e+01 0.000000000000000000e+00
1.106000000000000050e+01 0.000000000000000000e+00
1.107000000000000028e+01 0.000000000000000000e+00
1.108000000000000007e+01 0.000000000000000000e+00
1.108999999999999986e+01 0.000000000000000000e+00
1.109999999999999964e+01 0.000000000000000000e+00
1.110999999999999943e+01 0.000000000000000000e+00
1.111999999999999922e+01 0.000000000000000000e+00
1.113000000000000078e+01 0.000000000000000000e+00
1.114000000000000057e+01 0.000000000000000000e+00
1.115000000000000036e+01 0.000000000000000000e+00
1.116000000000000014e+01 0.000000000000000000e+00
1.116999999999999993e+01 0.000000000000000000e+00
1.117999999999999972e+01 -4.000000000000000192e-04
1.118999999999999950e+01 0.000000000000000000e+00
1.119999999999999929e+01 0.000000000000000000e+00
1.121000000000000085e+01 0.000000000000000000e+00
1.122000000000000064e+01 0.000000000000000000e+00
1.123000000000000043e+01 -8.999999999999999754e-04
1.124000000000000021e+01 4.000000000000000192e-04
1.125000000000000000e+01 0.000000000000000000e+00
1.125999999999999979e+01 0.000000000000000000e+00
1.126999999999999957e+01 0.000000000000000000e+00
1.127999999999999936e+01 0.000000000000000000e+00
1.128999999999999915e+01 0.000000000000000000e+00
1.130000000000000071e+01 0.000000000000000000e+00
1.131000000000000050e+01 4.000000000000000192e-04
1.132000000000000028e+01 0.000000000000000000e+00
1.133000000000000007e+01 0.000000000000000000e+00
1.133999999999999986e+01 0.000000000000000000e+00
1.134999999999999964e+01 0.000000000000000000e+00
1.135999999999999943e+01 4.000000000000000192e-04
1.136999999999999922e+01 0.000000000000000000e+00
1.138000000000000078e+01 -4.000000000000000192e-04
1.139000000000000057e+01 -4.000000000000000192e-04
1.140000000000000036e+01 0.000000000000000000e+00
1.141000000000000014e+01 -4.000000000000000192e-04
1.141999999999999993e+01 0.000000000000000000e+00
1.142999999999999972e+01 -4.000000000000000192e-04
1.143999999999999950e+01 0.000000000000000000e+00
1.144999999999999929e+01 0.000000000000000000e+00
1.146000000000000085e+01 0.000000000000000000e+00
1.147000000000000064e+01 0.000000000000000000e+00
1.148000000000000043e+01 0.000000000000000000e+00
1.149000000000000021e+01 0.000000000000000000e+00
1.150000000000000000e+01 0.000000000000000000e+00
1.150999999999999979e+01 0.000000000000000000e+00
1.151999999999999957e+01 0.000000000000000000e+00
1.152999999999999936e+01 0.000000000000000000e+00
1.153999999999999915e+01 0.000000000000000000e+00
1.155000000000000071e+01 0.000000000000000000e+00
1.156000000000000050e+01 4.000000000000000192e-04
1.157000000000000028e+01 0.000000000000000000e+00
1.158000000000000007e+01 -4.000000000000000192e-04
1.158999999999999986e+01 4.000000000000000192e-04
1.159999999999999964e+01 0.000000000000000000e+00
1.160999999999999943e+01 0.000000000000000000e+00
1.161999999999999922e+01 0.000000000000000000e+00
1.163000000000000078e+01 0.000000000000000000e+00
1.164000000000000057e+01 -4.000000000000000192e-04
1.165000000000000036e+01 0.000000000000000000e+00
1.166000000000000014e+01 0.000000000000000000e+00
1.166999999999999993e+01 0.000000000000000000e+00
1.167999999999999972e+01 0.000000000000000000e+00
1.168999999999999950e+01 0.000000000000000000e+00
1.169999999999999929e+01 0.000000000000000000e+00
1.171000000000000085e+01 0.000000000000000000e+00
1.172000000000000064e+01 0.000000000000000000e+00
1.173000000000000043e+01 0.000000000000000000e+00
1.174000000000000021e+01 -4.000000000000000192e-04
1.175000000000000000e+01 0.000000000000000000e+00
1.175999999999999979e+01 0.000000000000000000e+00
1.176999999999999957e+01 0.000000000000000000e+00
1.177999999999999936e+01 0.000000000000000000e+00
1.178999999999999915e+01 0.000000000000000000e+00
1.180000000000000071e+01 0.000000000000000000e+00
1.181000000000000050e+01 0.000000000000000000e+00
1.182000000000000028e+01 0.000000000000000000e+00
1.183000000000000007e+01 0.000000000000000000e+00
1.183999999999999986e+01 0.000000000000000000e+00
1.184999999999999964e+01 0.000000000000000000e+00
1.185999999999999943e+01 4.000000000000000192e-04
1.186999999999999922e+01 0.000000000000000000e+00
1.188000000000000078e+01 0.000000000000000000e+00
1.189000000000000057e+01 0.000000000000000000e+00
1.190000000000000036e+01 0.000000000000000000e+00
1.191000000000000014e+01 0.000000000000000000e+00
1.191999999999999993e+01 -4.000000000000000192e-04
1.192999999999999972e+01 -4.000000000000000192e-04
1.193999999999999950e+01 0.000000000000000000e+00
1.194999999999999929e+01 0.000000000000000000e+00
1.196000000000000085e+01 4.000000000000000192e-04
1.197000000000000064e+01 0.000000000000000000e+00
1.198000000000000043e+01 0.000000000000000000e+00
1.199000000000000021e+01 0.000000000000000000e+00
1.200000000000000000e+01 0.000000000000000000e+00
1.200999999999999979e+01 -4.000000000000000192e-04
1.201999999999999957e+01 0.000000000000000000e+00
1.202999999999999936e+01 0.000000000000000000e+00
1.203999999999999915e+01 0.000000000000000000e+00
1.205000000000000071e+01 0.000000000000000000e+00
1.206000000000000050e+01 4.000000000000000192e-04
1.207000000000000028e+01 0.000000000000000000e+00
1.208000000000000007e+01 0.000000000000000000e+00
1.208999999999999986e+01 -4.000000000000000192e-04
1.209999999999999964e+01 0.000000000000000000e+00
1.210999999999999943e+01 0.000000000000000000e+00
1.211999999999999922e+01 0.000000000000000000e+00
1.213000000000000078e+01 0.000000000000000000e+00
1.214000000000000057e+01 -4.000000000000000192e-04
1.215000000000000036e+01 0.000000000000000000e+00
1.216000000000000014e+01 -4.000000000000000192e-04
1.216999999999999993e+01 0.000000000000000000e+00
1.217999999999999972e+01 0.000000000000000000e+00
1.218999999999999950e+01 0.000000000000000000e+00
1.219999999999999929e+01 0.000000000000000000e+00
1.221000000000000085e+01 0.000000000000000000e+00
1.222000000000000064e+01 0.000000000000000000e+00
1.223000000000000043e+01 0.000000000000000000e+00
1.224000000000000021e+01 0.000000000000000000e+00
1.225000000000000000e+01 0.000000000000000000e+00
1.225999999999999979e+01 -4.000000000000000192e-04
1.226999999999999957e+01 0.000000000000000000e+00
1.227999999999999936e+01 -4.000000000000000192e-04
1.228999999999999915e+01 0.000000000000000000e+00
1.230000000000000071e+01 0.000000000000000000e+00
1.231000000000000050e+01 0.000000000000000000e+00
1.232000000000000028e+01 0.000000000000000000e+00
1.233000000000000007e+01 0.000000000000000000e+00
1.233999999999999986e+01 0.000000000000000000e+00
1.234999999999999964e+01 0.000000000000000000e+00
1.235999999999999943e+01 0.000000000000000000e+00
1.236999999999999922e+01 0.000000000000000000e+00
1.238000000000000078e+01 0.000000000000000000e+00
1.239000000000000057e+01 0.000000000000000000e+00
1.240000000000000036e+01 -4.000000000000000192e-04
1.241000000000000014e+01 0.000000000000000000e+00
1.241999999999999993e+01 0.000000000000000000e+00
1.242999999999999972e+01 -4.000000000000000192e-04
1.243999999999999950e+01 0.000000000000000000e+00
1.244999999999999929e+01 0.000000000000000000e+00
1.246000000000000085e+01 0.000000000000000000e+00
1.247000000000000064e+01 4.000000000000000192e-04
1.248000000000000043e+01 0.000000000000000000e+00
1.249000000000000021e+01 0.000000000000000000e+00
1.250000000000000000e+01 0.000000000000000000e+00
1.250999999999999979e+01 0.000000000000000000e+00
1.251999999999999957e+01 0.000000000000000000e+00
1.252999999999999936e+01 0.000000000000000000e+00
1.253999999999999915e+01 0.000000000000000000e+00
1.255000000000000071e+01 -4.000000000000000192e-04
1.256000000000000050e+01 0.000000000000000000e+00
1.257000000000000028e+01 0.000000000000000000e+00
1.258000000000000007e+01 0.000000000000000000e+00
1.258999999999999986e+01 -4.000000000000000192e-04
1.259999999999999964e+01 0.000000000000000000e+00
1.260999999999999943e+01 0.000000000000000000e+00
1.261999999999999922e+01 0.000000000000000000e+00
1.263000000000000078e+01 -4.000000000000000192e-04
1.264000000000000057e+01 4.000000000000000192e-04
1.265000000000000036e+01 0.000000000000000000e+00
1.266000000000000014e+01 0.000000000000000000e+00
1.266999999999999993e+01 0.000000000000000000e+00
1.267999999999999972e+01 0.000000000000000000e+00
1.268999999999999950e+01 -4.000000000000000192e-04
1.269999999999999929e+01 0.000000000000000000e+00
1.271000000000000085e+01 -4.000000000000000192e-04
1.272000000000000064e+01 0.000000000000000000e+00
1.273000000000000043e+01 0.000000000000000000e+00
1.274000000000000021e+01 0.000000000000000000e+00
1.275000000000000000e+01 0.000000000000000000e+00
1.275999999999999979e+01 0.000000000000000000e+00
1.276999999999999957e+01 0.000000000000000000e+00
1.277999999999999936e+01 0.000000000000000000e+00
1.278999999999999915e+01 0.000000000000000000e+00
1.280000000000000071e+01 0.000000000000000000e+00
1.281000000000000050e+01 0.000000000000000000e+00
1.282000000000000028e+01 0.000000000000000000e+00
1.283000000000000007e+01 0.000000000000000000e+00
1.283999999999999986e+01 0.000000000000000000e+00
1.284999999999999964e+01 0.000000000000000000e+00
1.285999999999999943e+01 0.000000000000000000e+00
1.286999999999999922e+01 0.000000000000000000e+00
1.288000000000000078e+01 0.000000000000000000e+00
1.289000000000000057e+01 0.000000000000000000e+00
1.290000000000000036e+01 0.000000000000000000e+00
1.291000000000000014e+01 -4.000000000000000192e-04
1.291999999999999993e+01 -4.000000000000000192e-04
1.292999999999999972e+01 0.000000000000000000e+00
1.293999999999999950e+01 4.000000000000000192e-04
1.294999999999999929e+01 0.000000000000000000e+00
1.296000000000000085e+01 0.000000000000000000e+00
1.297000000000000064e+01 4.000000000000000192e-04
1.298000000000000043e+01 0.000000000000000000e+00
1.299000000000000021e+01 0.000000000000000000e+00
1.300000000000000000e+01 0.000000000000000000e+00
1.300999999999999979e+01 0.000000000000000000e+00
1.301999999999999957e+01 0.000000000000000000e+00
1.302999999999999936e+01 0.000000000000000000e+00
1.303999999999999915e+01 0.000000000000000000e+00
1.305000000000000071e+01 0.000000000000000000e+00
1.306000000000000050e+01 0.000000000000000000e+00
1.307000000000000028e+01 0.000000000000000000e+00
1.308000000000000007e+01 -4.000000000000000192e-04
1.308999999999999986e+01 0.000000000000000000e+00
1.309999999999999964e+01 0.000000000000000000e+00
